g++ -Wall p2.cpp
./a.out	
3.26698
-3.31076
9.97367
-0.243444
2.53362
0.822591
-0.114914
-3.30877
-3.32557
4.75867
-2.16254
-3.33405
1.31036
-3.31096
-3.30543
-3.27998
2.6386
-3.31195
-3.31708
-3.32898
1.6904
3.38051
-2.06509
1.46512
5.3599
-3.30718
-3.29838
-3.2916
-3.31761
-3.32402
-3.3116
-3.32368
-3.31226
-3.33262
-3.29454
-3.32825
15.3404
-3.31466
-3.32023
1.44125
-3.30258
-3.28993
-3.32256
-3.30712
-3.30743
3.75851
-3.31581
0.29776
20.8755
-3.30737
-3.30874
-3.30671
-3.31203
10.1746
5.9235
-3.30037
-3.30148
5.55085
-0.401528
-2.57874
-3.28876
-1.03682
-3.04969
-3.31467
-3.30807
-3.29982
2.04525
-3.3007
-3.31096
-3.33811
12.9311
-3.30876
-3.30964
-3.329
2.18024
1.5219
-3.30541
8.77556
-2.05232
1.94978
2.48171
-2.70605
13.3157
-3.28895
-3.3042
-3.29447
-1.89757
-3.31237
-3.31493
-3.29714
-1.01513
-3.30941
-1.47804
-2.63616
-3.30467
10.6038
3.51837
-3.3184
-3.07455
-3.30315
-3.32892
14.5513
-3.28974
3.6794
10.3811
-3.27788
-3.30662
-2.44684
-1.63472
-3.28905
-3.31284
-3.32924
-3.29855
-3.29991
-3.30691
-3.33161
-3.27628
-3.19502
-3.29606
-2.27851
-3.30725
-3.3117
-3.30311
4.25265
-1.29686
-0.508454
-3.29055
-3.33022
-3.32303
-3.31587
11.9013
-3.34048
-3.28632
-3.3084
-3.31436
11.0197
-3.30318
-3.31048
-3.31073
0.460746
-3.31329
0.539159
3.01962
-3.27612
-3.31242
9.31704
4.57778
-3.28709
8.61679
-3.30483
-3.29687
-2.84297
6.00267
-3.27305
7.34199
-3.31425
1.03549
-1.04776
-3.31577
-3.31103
-3.30442
-3.30462
-1.37867
-1.88188
6.72624
-3.31309
-3.30002
2.51303
-3.32207
-3.3036
-3.33315
13.5252
15.5972
-3.30148
-3.30474
-3.3114
-0.0736888
-1.63348
-3.30536
-2.08648
-3.27428
-3.28642
-3.31966
-3.30487
3.39726
-3.3015
-3.31737
-3.33728
-3.27168
-3.3158
-3.30705
-3.29928
-3.29643
0.280827
3.91834
-3.31599
-0.00213211
1.52273
-3.30998
1.6253
-3.29791
6.94166
-3.31946
0.411883
-3.31104
4.81812
9.27288
-3.31534
9.87703
-3.3056
-2.03765
10.1329
1.38545
3.4594
17.0142
4.35733
2.92193
11.7499
-3.29726
4.67845
-0.152895
0.92431
1.68728
6.38982
-3.30856
-3.30351
-3.27908
4.17526
-1.32166
0.873219
1.23821
-3.2716
-2.97897
2.06655
-3.28449
10.9696
-2.92653
-3.28872
-3.30962
-0.019486
0.479589
-3.2941
-1.95565
-3.31375
0.580353
0.938505
-3.33089
16.7934
10.2985
1.05017
-3.29956
-0.145526
-3.3098
6.05416
-3.29465
-3.32497
-3.3159
-3.27914
-3.31698
-3.27306
-1.53225
7.90566
-3.30645
-3.30799
-3.32256
-3.34067
6.66542
-3.11748
-3.29215
-3.28239
-1.45826
-3.31699
-3.3337
-3.33238
-3.32035
-2.25149
2.6663
-3.3267
-3.30074
8.78862
-3.32554
2.22626
-0.800286
-3.34874
-3.32887
-3.28879
-3.30352
3.56648
4.63854
5.37705
-3.33221
-3.04052
-2.13122
0.0408448
-3.29793
0.198895
-3.30803
-3.30096
-3.29555
-3.29675
-3.26208
-3.29544
0.580318
-1.32077
-3.32667
10.1257
3.23651
-2.45033
-3.30507
-3.31949
-3.28373
-3.28733
1.06819
-3.28667
-2.90125
-3.31884
-3.29061
-3.3226
11.8736
12.8286
-3.30081
-3.32451
-1.83983
0.768505
-3.33511
-2.9421
-3.2783
4.55604
-3.29194
-3.30538
10.3052
8.24746
-2.66763
-3.3169
-3.31176
-1.98296
0.110667
-2.84425
-0.0655272
-3.30543
-0.00176753
-1.41671
-3.3028
-2.44122
-0.752381
-3.30198
9.12046
-3.31693
0.586371
-3.32042
-3.30296
-1.54018
2.01428
-3.33155
1.5906
-3.31165
-3.3117
1.94243
-0.546739
-3.34928
-0.294775
12.8502
7.29593
-2.55746
-3.31601
-3.29415
4.81348
0.0149094
-2.1526
-3.32248
-3.29828
-3.30398
-3.2953
-3.31385
2.33166
0.0920024
-0.7181
-3.29786
-3.29302
-3.31592
14.7925
-3.31104
9.14909
-3.31284
1.00797
-3.31633
-3.3106
8.86199
-3.30091
-0.168022
-3.30564
0.46687
-3.29312
-3.28567
0.0046676
-3.29978
2.13848
-3.33072
-3.29004
-3.29686
-3.32815
-3.3094
-3.31716
5.47048
1.93357
-3.30028
-3.31771
-2.76346
-2.15007
-3.32249
-3.30407
-3.31067
-3.29787
-2.10068
-1.95315
-3.31161
-3.31852
-1.50531
-3.30605
-3.30105
-3.27697
1.36234
-3.29463
1.54408
-3.28893
-0.358233
-3.31827
-3.13668
9.75757
0.076424
8.8447
-3.29717
-3.27096
-3.3197
-3.30761
-3.3119
5.53005
-2.63135
-3.30905
3.94655
-3.3163
3.69114
-3.28714
-3.30975
2.17104
-3.32199
-0.514428
5.21579
-3.31489
-2.93719
10.1239
-3.2999
-3.32052
-2.8851
-3.29904
1.1336
-3.32068
-3.30548
-2.53167
3.92691
-3.31155
-1.19275
-3.24164
-3.28245
0.988736
-3.32493
-3.31596
-3.31771
-0.810429
-3.3063
-1.22308
-3.29702
0.760264
2.73497
-3.31317
2.43233
-3.30675
-3.29922
-3.30525
-3.2909
0.158249
6.21084
6.94846
-1.34392
-3.30333
-3.30859
1.50672
6.85446
-3.29759
-3.29099
10.769
-3.30647
7.67582
-3.29695
-3.31661
-3.30474
5.12627
-3.31115
27.7171
-3.30003
3.94185
-3.31581
5.95079
-3.29753
-3.31937
-3.28491
0.779412
-3.33219
-3.29216
2.47689
4.71196
2.90378
3.72763
-3.30077
-1.70191
4.7891
-3.30161
-3.33629
1.66795
2.55222
-3.25214
-1.99531
-2.97115
-3.32193
-1.14752
8.61115
-3.2884
0.261621
-3.32016
-3.30035
10.9893
-3.31141
13.5386
-3.30116
2.44313
-3.30924
6.8567
-3.30098
-3.29047
14.3892
-3.31176
-3.30254
-3.31746
-1.35694
-3.28734
-3.27362
-3.33524
1.32864
-3.29376
-3.29946
4.62874
-0.282444
-3.25915
-3.31097
-0.250166
-3.34585
-3.31732
-3.32888
4.80465
-2.74336
3.11878
7.8728
0.668084
4.76807
0.58133
-3.32817
-1.43138
0.792334
0.182743
-3.31365
-2.43067
8.36665
-3.33597
-3.31047
7.52554
-3.30905
-3.30744
6.86484
-3.32937
-0.801184
4.97943
2.52414
-3.23453
-3.31563
5.10356
-3.32667
-3.32239
-3.32717
-2.63504
-3.32901
9.28394
2.25975
-1.55016
-3.32032
-3.30332
0.26438
6.13308
-3.30984
-3.3315
-3.30317
0.965307
8.47179
-3.32595
-3.31242
-1.97704
4.90287
7.5494
-2.89196
-1.75544
16.2045
-3.29563
8.18084
-3.32453
16.6924
-2.23572
-1.02609
-3.29764
-3.31314
-3.30872
0.482663
-3.29357
-3.30964
-2.28363
-3.32367
4.10025
6.86717
-3.30544
7.61048
-3.33646
-3.31251
6.25021
-3.2853
2.86353
10.826
7.33287
6.59876
-3.05497
-3.29929
-3.33378
6.55858
4.19976
-3.33454
3.03633
1.69043
4.8126
8.14426
13.3519
-3.32114
4.28046
0.513056
15.8208
2.06982
-3.31881
-3.31946
-3.28042
0.229683
-3.30305
-3.29572
-1.30972
-3.30544
-2.99524
13.4243
-1.29815
-2.58721
7.20087
-3.30066
-3.33319
-1.54129
7.6722
-3.31892
-3.31472
-3.27986
-3.29657
11.1469
-0.33101
-3.28443
13.3411
0.660738
2.63498
-3.32618
-3.29729
2.87323
-3.29771
-3.28619
-3.3072
-3.31305
-3.33213
2.77736
-3.29379
-3.26895
-3.30655
-3.2721
16.0042
5.15246
-2.00814
-3.3062
-3.32885
8.96026
-3.35111
-3.32044
-3.30862
-3.30062
-3.337
-3.3014
-3.22743
-3.28734
-3.29901
-3.28624
1.87256
-3.29569
2.29196
-3.29855
-3.32919
5.50221
2.56414
0.0392569
-3.31914
4.47734
-0.704539
4.31871
5.87917
-3.29675
-3.30351
6.40666
11.5742
-3.31509
-1.84385
-3.30522
-3.29194
-3.30493
0.937224
-3.31706
-3.30455
-3.30266
-0.0696766
6.03179
-3.31434
3.51065
-3.30351
9.73391
3.37052
-3.32229
-1.04024
-3.32693
-3.27265
1.25238
-1.22402
-3.31099
4.74929
-1.56282
2.61662
-3.29096
-3.21158
-3.30076
-0.841843
-3.30555
5.66129
-3.3134
10.5487
-3.30349
2.17715
0.889495
-3.32321
-3.29792
-3.32857
-3.28201
-3.3051
-3.283
-3.27779
-3.33943
2.06926
-3.30635
-0.723423
-3.32158
-3.29239
-3.31028
-3.01986
-0.904963
-3.29526
0.590426
1.11825
0.061159
-3.15105
-3.31608
-3.27848
-3.29238
-3.30231
9.49866
17.0668
-2.14899
-3.3051
-2.94394
7.55252
-3.32638
-3.31278
-3.29913
-3.30001
-3.29334
-3.32742
-3.32429
-2.68798
-3.3108
11.7318
3.06715
-2.67732
-3.1835
-2.90012
9.31892
-3.29958
2.54284
-3.32108
-3.31296
-3.31462
-3.28927
18.6174
-3.30367
-3.31532
-0.774434
-0.800267
7.65476
15.6947
3.34479
8.45963
-3.3234
2.28211
2.14684
4.88818
-3.29575
-1.67074
-3.32034
3.07173
-1.37334
2.16448
-3.31991
-3.30932
-0.978251
13.8685
-3.2885
-3.32131
-3.28231
-3.31684
9.7933
2.25669
-3.3393
-3.32164
12.6487
6.32749
15.1194
-3.12642
-3.29226
-3.31574
-3.30341
3.61074
-2.37555
-3.30965
-3.30938
-3.29352
-3.30331
-3.30415
11.493
-3.33273
-3.35612
1.82465
-3.32255
-3.31861
-3.2822
-3.34207
-1.90083
0.480208
-0.967867
-3.31489
-3.34557
-3.32328
7.04264
-3.31011
-3.28267
-3.29346
-3.3299
-3.30099
-2.4289
0.419952
-3.30329
-3.31293
-3.30746
-3.30706
-0.968768
-3.29073
-3.26886
-3.32704
-3.32161
0.289001
-3.28948
-3.30564
-3.32246
-0.697714
1.09363
-2.75078
10.9848
-3.32109
-3.31778
-3.30249
1.04094
7.36719
-2.51134
-3.31234
-3.32947
4.56211
3.11668
-3.30398
-0.223446
-3.05688
0.503826
-2.48255
-3.31222
-0.0164448
-3.31001
-3.15589
-3.3299
-1.67829
-3.31789
6.65885
-3.35348
12.4822
-3.34744
4.79328
-3.29573
-0.771895
-3.27663
-3.31498
-3.29953
-3.29565
9.09633
-3.28743
3.25217
1.10745
-0.75039
15.2676
-3.30085
-3.29781
-3.31401
7.25794
1.26642
-0.489266
13.3535
-3.3115
5.12283
-2.05521
3.5279
-0.575576
-3.31345
9.47368
-3.32632
-1.62153
7.08386
-1.79444
-0.180924
-3.31488
-3.3109
-3.31261
-1.65655
-3.31124
2.18633
-3.2744
8.10886
6.53364
7.54452
9.04729
-3.27589
1.22441
1.10147
-3.31047
-3.31995
-3.26473
-3.31549
0.802533
0.467725
-0.445215
7.30998
6.68001
0.0513793
-3.297
-3.30543
-3.10954
7.09019
-3.31597
-2.54444
-3.22722
1.33874
-3.29706
15.4987
1.94246
-0.13968
-3.32907
-3.31613
-3.28456
3.52234
-3.23983
-3.30313
-3.30005
-3.29789
-3.30373
4.01156
2.346
-3.30904
3.56301
1.53291
-3.17614
16.5023
1.97088
-3.30719
-3.27847
7.69264
4.89899
1.81613
-1.6403
-3.30694
1.20161
-3.32307
4.90935
5.30473
-3.30271
-3.33595
-3.29923
-3.31596
-3.31001
-3.28917
-3.3067
-3.32739
1.66028
-3.32212
-3.30966
4.3204
7.45777
3.13144
-3.29751
2.39224
8.26655
-3.31124
-2.40329
-3.30566
-1.62656
4.32464
-0.117289
-0.549326
18.3038
-3.32354
-3.31147
2.98943
-0.0990572
-3.31476
-1.90213
6.38271
-3.31247
-3.31379
13.8685
1.90217
-3.28487
-3.33047
-2.31261
-3.30679
-3.3312
-3.31675
-0.711199
-0.387297
-0.574264
9.69615
-3.31468
-0.834762
-1.99819
-0.425068
-0.820559
-3.2683
-3.25919
0.386742
8.65096
-3.31354
-3.30392
-3.2229
-3.29532
11.6169
-0.0964305
-3.31564
-3.30802
5.69794
-0.308711
2.76227
1.41189
-3.29436
-3.28739
-3.26541
-3.30251
-3.32839
3.50661
-3.31913
-3.30991
4.14987
-1.92104
-3.29779
-3.30745
1.87348
5.99672
-3.30197
5.26436
2.81804
-3.32091
-3.31019
-3.32002
-3.31283
-3.29074
9.88414
4.01344
8.25764
-3.29021
-3.31566
0.525249
-3.31672
-2.82029
-0.315163
-3.33171
-3.32672
-1.56251
4.64023
-1.23337
2.34293
3.84656
-3.27972
-3.29435
-3.33128
-3.31271
4.04506
-3.29028
-3.31331
-0.73502
-3.3311
-3.30891
11.9979
-0.805349
-3.32042
-3.30934
-3.30035
-3.30144
-0.87192
-0.940561
-3.31288
-3.29892
0.206533
4.16283
7.78082
-3.22148
-3.30479
-1.6034
17.6468
12.2039
-3.30916
-3.32516
-1.4694
-3.28385
-3.26405
-3.28932
-3.29865
12.9589
6.69865
-3.31319
-3.29792
-3.34421
2.9621
-3.29422
-3.28026
-3.30943
-3.2944
-0.769127
2.70341
-3.29685
-3.31487
-3.33432
2.79882
-3.30355
-1.03671
-3.3368
-3.29829
-3.3062
-3.29537
-3.33153
6.74851
-2.38391
-3.30105
10.5853
-0.634379
8.63247
-3.31581
-3.29044
-3.28839
-3.28855
0.998419
-2.12328
-3.30504
-3.29017
9.99008
2.31968
-3.2827
1.90936
5.53233
-3.31718
0.102059
7.69931
-3.30168
-3.30749
-3.28434
-3.32459
-3.30208
-3.30194
-3.30325
-3.32163
-0.342399
0.136486
-3.3053
-0.648278
-3.31555
-3.29276
-3.305
-3.29157
4.18321
-1.11827
-3.29664
-3.29457
-3.29991
3.33853
-2.56995
10.8825
-2.52226
11.0602
-2.65887
3.09376
0.375446
4.62027
15.5586
3.70771
0.696485
-2.77668
-1.43779
5.81905
-3.31355
-3.32297
-3.32814
12.0917
-0.397154
-3.31591
-3.31232
1.73307
-3.30851
1.52135
-3.27968
1.94295
1.00395
-3.31256
13.6336
8.31525
0.506904
0.71627
-3.28776
-3.311
0.797815
-3.31615
-3.32306
2.46263
-3.31013
6.77025
-0.537125
6.04891
-3.30966
-3.30756
-3.29058
-3.31999
1.92101
-3.31665
7.54274
-3.28466
-3.30293
10.2939
-3.11726
3.95103
-1.24455
6.96588
-3.31335
-0.847229
0.418939
-3.3203
-3.27748
1.42899
-3.31098
-3.27956
-0.513008
-3.29452
-3.28672
-3.3208
-3.2975
-3.3156
-3.30559
0.165328
-1.01243
0.707245
-3.28744
-3.31863
-3.32703
2.95118
8.12333
-2.20851
-3.32747
2.86901
-3.29487
-3.31976
4.83987
-3.31617
-2.5822
-3.34299
6.08791
-3.30254
-0.416524
-3.28954
-3.30321
3.87791
-3.28333
12.7358
-3.33061
-3.30858
3.0881
-3.31437
-3.30856
7.23566
-1.87019
9.75549
0.344639
-3.32492
-3.27604
15.3469
-3.31793
-3.31745
13.3133
-3.30424
19.9947
-1.25029
-3.30147
-3.31414
-3.30908
-3.29007
-2.74793
0.200637
24.1234
-3.32467
-0.408338
-3.29938
2.59564
-0.350103
1.15012
3.18406
5.87294
-3.33244
7.97578
6.97353
-3.33128
-3.29604
-3.28026
-3.30493
-3.28338
9.88794
-3.28816
-3.28346
-2.05982
-3.31913
-0.20325
-3.29745
0.0690067
2.79252
3.76164
-3.31782
-3.32343
1.06375
-3.29027
-3.31509
-0.0225584
-3.30959
-3.32249
-3.30366
-3.3022
-3.30452
-2.12115
-0.347054
1.62945
10.3358
1.23184
2.55138
4.07318
0.279779
-3.33986
-3.30214
0.597135
-3.29443
-3.29833
-3.30426
-3.29903
-3.29306
8.04383
-3.31055
-1.86622
-3.33469
-3.29804
8.8303
7.24666
-3.29673
2.04269
2.84798
-3.28666
-3.2915
-3.30961
6.0013
-3.32338
-2.87775
3.71083
-3.31875
-3.34306
-3.3029
-3.29627
8.61335
-3.31218
1.81943
-0.0994305
-0.255695
5.53057
2.15893
-3.29931
3.46179
-3.32325
-3.28683
3.1501
-3.31019
1.89387
-3.31514
6.18162
11.8814
-3.29992
-3.32806
15.9725
-2.80357
-3.32248
-3.22909
-3.31985
-3.32298
25.8185
-3.29144
-3.31656
-3.29493
-3.3214
-3.30134
4.97256
-3.29491
5.72632
-3.29533
-3.30786
-3.34708
-3.30411
-3.30694
-3.31261
13.0131
-1.34961
-3.30542
0.882477
-3.32667
-3.28696
4.01551
4.94034
-3.32023
2.41204
-3.31346
13.6279
-0.673673
-3.32759
-3.31343
0.594731
-3.29692
-3.29543
-3.30559
-3.31825
6.46208
-0.730037
-3.30421
-2.05294
-0.905585
-3.31025
-3.3071
-3.29987
-0.788181
-2.72138
-3.34489
-3.2991
-3.32346
-3.32619
-3.02308
0.340907
1.16732
2.42025
-3.30419
14.9094
-3.29381
-3.32401
-0.894289
4.84698
-3.30702
-0.162861
-0.137091
-2.50171
-0.651517
2.08519
-3.28985
-3.31191
9.85773
2.44649
-3.31624
-1.04441
-3.27572
14.9109
0.416487
-3.31017
-3.27249
12.8859
-3.32205
4.0214
1.7917
-3.32896
-2.73356
1.30428
-3.31218
10.5847
2.22327
-0.750899
1.87699
-3.304
5.16248
0.816367
1.50526
-3.30494
7.90457
-3.31031
-3.31322
-3.31884
-3.31298
-3.30006
-3.28805
-3.30007
3.73479
-3.31521
-3.30188
3.24007
2.42274
-3.30583
-3.29612
-0.0393386
-1.5586
-3.31092
-3.28255
-3.32097
-3.28225
-1.01036
-3.32182
4.30503
-3.32103
10.3035
4.85272
-3.27897
21.3516
-2.09542
3.88971
-3.3063
9.09549
6.53177
0.393097
-3.30565
-3.29946
-3.33269
-3.3304
7.12107
1.78016
-3.31968
-1.1201
-3.27625
-3.2828
-3.3334
-3.2901
1.18288
-3.32162
-3.31399
8.2711
-3.32812
-3.31423
-3.29207
5.48276
-1.03954
-3.30141
-3.29186
-3.32572
0.210746
-0.55285
-3.29684
-3.31677
24.4151
-3.2999
-3.27648
-3.28974
-3.30991
2.58083
-3.30173
-2.94844
5.80556
-3.28711
-1.05057
-3.31268
-1.37576
-3.3377
-3.31886
-3.29944
-3.30444
-3.29499
-3.31634
0.847569
13.6907
7.72214
-3.29832
0.604618
-3.28944
-3.32804
-3.2902
-1.90993
-3.3078
8.68615
-3.31183
0.0485857
-3.29725
-3.30837
-3.28068
-3.31043
2.16502
-3.29355
4.16906
-3.30518
-3.31654
2.77641
-1.06459
-3.30354
-3.32822
0.91794
-3.29049
6.12072
-3.31121
-3.30005
5.26742
-3.28119
-3.29042
-3.3
5.31068
6.95824
7.99035
3.89838
7.42262
8.92924
-0.883247
4.77364
2.13847
-3.31926
7.16316
-3.31765
-1.92917
-3.283
-3.29383
2.81596
1.06855
-3.29478
11.5392
-3.29897
-3.29613
-3.31324
2.12433
-3.32233
-3.28711
-3.30654
-1.22223
18.7264
-1.39355
-3.31899
-3.32241
-3.29434
-3.28489
1.31808
-0.230707
14.4954
-3.30012
-3.32645
-3.29019
-3.33546
0.459718
-3.30724
0.994035
-1.89067
-3.30492
-3.30725
9.26979
2.48543
-3.29067
-3.31785
-3.11271
7.07706
-3.31724
14.1599
5.45336
-3.3171
-3.34681
1.08697
-3.3092
-3.18277
-2.34817
1.80173
10.1004
-3.33136
14.0002
2.92296
1.83171
-3.26154
2.07466
-2.47959
-3.32067
-3.29581
-3.34138
-3.31454
-3.34182
-1.46005
0.914941
-3.31207
7.26573
-3.30139
-0.705134
-3.31781
0.515508
1.46767
-3.30065
0.924183
-3.28969
-3.31458
-3.29845
4.46435
-3.29829
19.9633
-3.29622
-3.31898
5.31212
-0.38351
-3.3001
6.05364
0.838554
-3.29664
-3.31829
-3.28031
-3.30272
2.75642
-3.3139
-3.31743
9.51824
-3.35279
-3.30033
2.35772
3.99728
17.7253
-1.20804
-3.28364
-3.29338
1.55525
-3.32016
-3.30527
0.193203
-0.590176
1.14599
-1.31097
6.89912
-0.672666
-3.31721
-3.31808
-3.16089
-1.91198
-1.71978
-3.13192
-3.3248
-3.30906
-3.305
-3.30321
-3.32193
-3.3053
1.66887
-2.47931
-2.91457
-3.30546
-3.31191
-3.28201
-3.32783
-3.32001
-2.84235
-3.29226
-3.3229
-3.32487
3.99334
-3.31581
0.494756
7.24025
-3.32952
-3.29944
-3.30218
-3.2844
-3.32126
-3.31819
-3.30451
1.64744
-3.30485
4.5781
-3.32538
10.0172
9.65247
-3.29377
-3.30073
-3.26924
13.0799
-3.3071
-3.31447
-0.458948
0.986804
1.59382
-3.3403
6.33104
-3.31855
6.99892
5.09488
2.69576
0.725556
-3.30147
-3.33716
-3.19216
7.27643
-3.32316
-1.3688
-3.27657
1.34719
-3.28187
11.3872
-3.3332
-2.20784
-3.30723
12.6598
-3.2892
-3.29561
-3.30507
-3.33119
7.75361
-3.30406
15.6445
-3.30814
-1.2303
-3.30448
10.2089
-3.29473
-3.30283
0.102556
-3.28405
-3.31369
-3.27166
-3.28508
-3.31224
-3.30061
-3.29801
-3.31714
18.5694
-1.59466
-3.3088
-3.31494
-3.18537
-3.2998
11.9227
-2.14914
16.8946
5.25019
-0.748614
8.78182
-3.33496
1.11403
-3.31091
2.7809
-2.50853
-0.0250397
4.81851
-3.30422
-3.32931
1.23509
2.7575
-3.29249
-3.30691
-3.31145
-1.11604
-3.29832
-3.30966
-3.04883
-3.30572
1.10896
18.2355
-3.30851
-3.30641
-3.27864
0.103409
-0.965515
-3.29577
-3.31615
-3.33369
9.48392
-3.28117
-3.30804
-3.35599
-3.29578
0.356561
-3.32451
-3.30202
-3.31713
-3.30294
5.58815
5.18616
11.4352
-3.32144
-3.29513
-3.30466
-3.32571
-3.30718
-3.29325
12.6677
2.8427
-3.31079
10.0766
-3.30485
9.54638
-3.31982
14.2611
11.956
5.95494
-3.31556
-3.31401
-3.28929
5.14808
-1.20706
-3.31884
-3.309
2.2443
-3.28875
-3.3381
-3.28442
0.19722
-3.31382
-3.30362
3.26597
3.23502
-1.40979
-3.28821
-3.31601
-2.35058
5.53823
8.75938
11.3514
2.01284
8.48362
4.75654
11.1056
-3.2954
-2.1735
1.69939
3.79892
-3.32726
0.843463
-3.34056
4.44285
-3.28612
1.73307
-3.30406
3.8754
-3.33183
11.003
-3.31603
6.54863
-3.30375
-3.30673
-3.33585
10.4062
1.00354
0.244167
-3.33053
1.7765
0.532619
12.0805
-3.3076
4.23769
-3.31394
-3.32287
-1.98916
13.6049
5.95439
-3.30998
-3.32461
-3.29097
-3.32306
-3.31578
-3.31941
-0.169028
2.49977
8.87411
-1.78399
7.96475
-3.32393
-1.27662
-3.31614
-0.27806
3.30935
-3.31111
-0.453443
6.87256
2.57415
2.18987
-3.29991
0.953561
-3.31734
-3.2958
-3.29686
-3.12358
0.956254
9.87318
-3.29582
-3.33466
-3.27902
0.70686
-3.29939
-3.29111
0.169087
2.87569
-3.00658
-2.87968
-3.31711
-2.29146
-3.27849
-0.919262
2.19707
-3.30358
-3.29534
-0.315068
-3.3439
-3.32749
-3.31519
-3.30741
0.324145
-2.99929
-3.30034
-1.19285
5.04013
-3.32875
-3.31723
2.16763
-3.2912
4.1771
-1.57857
-3.2886
-1.87336
7.95274
-3.32691
0.690379
-3.31682
8.44753
1.26383
-3.30429
4.41765
-3.32178
-0.736716
-3.33012
-0.0577521
3.03244
-1.74839
-3.29592
-1.51966
-3.28506
21.0718
-3.30436
11.2127
0.422221
-3.32919
-3.32078
-3.29016
-3.29115
-3.30644
-3.29538
8.71422
2.8485
1.96693
-3.31322
-3.32177
-2.10777
-3.305
3.48677
-3.29515
-3.32284
-3.33798
2.06971
-3.05241
-3.31117
-3.28724
-3.30222
-2.32605
-3.2977
-3.29528
7.17352
8.78877
-3.32386
-3.31208
-3.31787
-3.30387
3.76951
-3.32755
-1.24231
5.7349
-3.31302
14.3853
-3.08893
-3.2817
3.39511
-3.30594
-3.29157
-2.43884
-3.31802
0.62646
-3.30827
-3.3264
0.599283
-3.30734
-0.606577
1.56223
-2.37646
-3.31659
-3.31236
2.67047
2.22575
-3.27989
-3.31592
-2.07209
-3.36439
8.46356
-3.30803
6.26745
-2.38609
-3.32371
0.231089
-3.27373
-2.40907
-2.83531
-0.376842
1.56744
-3.3139
4.95028
-3.29022
10.8312
0.726844
-3.29233
7.40136
-2.44991
5.24118
0.21437
-2.50249
-3.30698
-0.487822
0.897941
-1.5031
-3.27817
-3.30437
-3.33064
9.4607
-0.404221
6.64223
-3.31211
-3.29824
-3.29735
-3.27935
4.44264
5.63502
-2.56168
-3.30198
0.491196
-3.30271
-2.24698
0.0168752
-1.49674
-0.62766
3.5523
-3.27171
-0.21134
0.113719
14.4579
-3.30163
-2.20034
7.44968
0.904776
-3.31675
-3.29594
-3.29748
-3.33349
-3.29991
9.14041
-2.69216
-3.33885
-3.29334
8.15066
-3.33491
7.81055
-3.27572
8.9886
-3.30069
1.15816
10.3608
-3.30512
-3.30898
11.1743
5.44239
-3.30969
2.48787
-3.33594
-3.3287
-0.934539
-3.32257
4.78082
-3.08265
1.17561
8.38841
-3.32917
8.75015
-3.29273
4.00022
9.19368
-3.27565
-3.32612
-1.85098
-3.29096
-3.28395
-3.30136
-3.29413
-3.27639
-2.50141
4.44358
-3.30399
-3.30642
-3.30105
-3.30283
-3.35279
3.07005
9.34998
-3.31028
-3.2957
4.81477
2.90132
-3.30436
-3.31539
-0.880768
-3.3032
3.73626
-3.31283
-3.28371
-3.30771
2.21984
-2.46838
2.78887
0.230834
3.73913
-3.29246
-3.34211
-3.32347
-3.31176
-3.33007
-3.31424
8.52788
-3.32196
-1.73258
-3.30646
2.63348
-3.09702
-3.29687
-3.30791
0.721107
-3.29199
-3.28123
1.33412
-3.31817
5.37928
-3.30967
-3.29586
7.31008
2.42545
-3.3095
-3.29516
-3.30053
-3.31905
-3.30282
-3.31311
4.22968
-3.30847
-3.30814
-0.02372
-3.29987
-3.30128
-3.31527
-3.32263
-3.31018
-3.3224
-2.32227
-3.30886
10.03
-3.33587
-3.31581
-3.20807
-3.30217
-1.72702
-3.35247
-3.30178
-3.28559
6.83598
-3.30795
-3.22062
-3.28032
-3.31723
-1.65228
-3.30383
2.32852
1.17387
-3.34821
-3.30321
-3.29287
2.89174
1.44005
1.58906
4.48218
-0.0530767
-3.26869
-2.31656
15.0407
-3.32788
9.05856
3.71371
-3.29397
-3.33429
14.3874
-3.33772
4.42041
10.0039
-3.30502
18.4868
8.22104
3.90735
-3.32015
6.37003
8.98714
-3.35891
-3.30254
2.30674
-1.07798
-3.30077
-3.34296
-3.31282
-3.27425
6.51208
-3.12522
-3.29852
2.46591
-3.31626
3.73857
-3.30724
-3.3442
-3.33491
-3.30863
-3.30047
-3.30214
5.83285
17.6073
4.95241
-3.30303
-3.29732
8.42026
-3.27985
-3.29694
-3.3165
-3.32118
1.17313
-0.550878
4.08515
12.4298
-3.328
5.51683
-3.30927
-3.30783
-3.30769
0.446065
-3.29515
-3.01277
-3.31003
-3.31815
-2.93835
-3.31263
0.365612
-3.32669
0.21613
0.731855
14.02
-3.317
1.88014
-3.32078
-3.31368
-3.2955
1.54497
-3.15296
13.0376
-1.99943
-1.05021
0.743664
4.12386
6.39539
-3.32098
-3.29551
1.92683
-3.327
-3.32295
1.25532
-2.65163
6.53542
-3.30757
-3.32154
-0.887261
5.69019
-3.33075
-3.28705
5.38318
-3.33355
3.77032
2.17755
-3.33927
-3.32619
-3.30322
4.6285
12.6648
6.52141
-3.28589
-1.67684
5.53723
-3.26956
-3.31765
-3.32762
-3.30932
-3.33553
-3.28283
2.33748
5.38032
-3.29698
-3.30773
-3.30834
1.98807
4.44293
-3.30561
1.36978
1.49538
4.02459
-2.60866
-3.20663
8.87218
3.91799
-3.31098
2.74638
-3.3027
17.4649
0.263039
0.417358
11.1313
-3.2894
-3.09517
-3.29826
7.37939
4.76618
-3.3364
1.38236
-3.30642
-3.29275
-3.30355
-3.34912
10.7147
8.47176
-3.30028
9.26699
-1.77245
29.4617
-3.29459
1.67049
-3.32502
7.53412
-3.31877
-3.30088
-3.2846
-0.269867
-3.30392
-3.3158
10.3487
7.11167
-0.874163
-3.29879
-3.29588
-3.32264
-3.29793
6.82488
-3.28518
-3.29977
-3.30395
1.97003
-3.27737
-3.29933
4.57824
5.46427
-3.31394
18.286
1.56866
0.370186
-0.941084
-3.28464
-2.99598
-3.30536
-3.31543
0.0522196
-3.32093
-3.31563
-3.31296
1.98169
-2.61019
9.16097
-3.27259
2.15242
0.667413
-0.519978
-3.31387
9.16289
-3.34782
-3.04326
-3.32344
-2.90258
-3.2752
-3.32266
10.9525
15.7364
10.7993
2.10662
4.24644
1.69259
-3.31601
0.936866
2.22211
-0.675464
-2.26923
-3.30651
-3.33046
-3.29666
-3.32189
-1.91501
-3.30875
-3.28404
18.2874
1.39062
-0.482442
-3.31612
-3.3179
14.429
-3.30747
-3.29658
-3.30529
-3.3237
1.37021
1.90432
-3.30695
-3.31764
-3.30285
-3.31715
7.6622
-0.152744
1.36763
-1.88831
-3.27605
1.64485
-1.99323
9.02713
-3.3209
-1.57876
-3.32344
5.14579
-3.29538
-1.82632
13.5743
-3.30968
2.20415
-3.32601
4.17292
-2.59508
-3.27081
-3.32027
-3.33561
4.18413
1.74075
-3.32983
-3.3163
-3.29772
-1.89707
0.788747
-3.3424
2.69806
-3.29044
-3.31381
4.65465
-3.31761
-3.29761
-3.2944
-3.29595
-2.24557
1.21146
-3.28751
-3.33599
0.73818
-0.299055
6.26821
4.05333
-3.30531
8.3839
-3.29554
8.54462
-3.30319
5.53327
-3.31763
0.258377
16.6299
-3.31229
-3.33305
-2.04958
-3.28932
-3.30789
-3.36203
-3.30828
-0.91176
-2.97031
-3.0331
-3.31858
2.4177
2.60644
1.9174
5.59895
-3.29793
6.66913
8.51443
13.5027
-3.29429
-3.32264
0.691294
1.09074
-3.32548
-3.32344
-3.31917
-3.2988
14.7867
10.5951
-3.29315
-2.02701
-3.04469
6.9999
-3.29133
-3.30035
-3.30557
2.16051
-3.31743
-3.31107
4.38405
21.3017
-0.489664
-3.29754
-0.575198
-0.068394
-3.28809
6.99853
-3.31521
-3.27231
0.55069
-0.195039
-2.60961
-3.31103
-3.32319
-3.31957
-3.31681
5.04577
-3.29472
-3.30681
0.641237
-0.532435
-3.3247
0.798063
-3.3105
4.29904
-3.30428
0.0733429
-3.30761
3.59553
0.408845
-0.900144
0.347394
0.62688
-3.30776
-3.32066
-3.30549
2.22677
-3.28499
26.9469
-3.29556
-1.55895
-3.33134
-0.655833
0.97678
0.176363
-3.31357
-3.33468
6.82755
3.59394
-1.27337
-3.30283
4.9307
-2.24887
-3.30142
16.8862
-3.30317
-3.33496
2.91009
7.09066
-3.29949
16.7335
-0.503084
12.2964
9.49966
-3.31859
-1.33318
-3.29097
-3.32748
0.0973452
2.99355
-3.31368
-3.29867
-3.29842
-3.29684
2.18588
-3.27638
0.124636
-3.33909
8.11996
-3.31389
17.9478
-3.29656
4.03704
-3.30199
-3.28196
1.19181
-1.47334
-3.32185
-1.95267
3.57984
-3.30343
-3.30347
-3.30917
13.8492
1.72268
7.66717
2.59125
-3.32295
10.1441
6.49916
-3.30671
-3.3217
-3.31586
10.7011
5.67907
7.30486
-1.12826
4.47931
-0.287065
-3.31978
-3.30731
-3.32288
5.89766
0.128085
7.57855
-3.17543
0.756313
13.4521
-2.05971
-3.30523
-3.27827
10.7163
6.07404
0.624913
-3.31789
3.09147
-3.30989
1.96587
-3.29881
2.33554
-3.32383
-3.29888
6.00443
-3.30798
8.22976
9.25662
8.54266
-3.3115
-3.32366
-3.34529
-2.01062
9.32416
-3.31246
-3.30272
6.90612
-2.58316
-3.31029
10.875
-3.34447
1.82062
-3.29425
-0.187285
-3.32988
3.99758
5.34102
-3.28648
5.69349
4.9987
-3.30155
-3.29691
-3.30255
-3.32401
-3.30898
5.22717
-3.32603
2.7461
-3.30256
-3.30803
8.41624
4.50977
0.401643
-3.32141
-3.30781
-3.28224
-2.86063
-3.308
-3.31954
5.58997
-3.31665
3.01335
-3.33091
0.623734
5.68928
-3.30141
-2.54079
4.10064
-3.33545
-2.40633
-3.31842
-3.32953
-3.27185
-3.31613
-3.30808
4.45711
-3.30736
-3.314
-0.040556
-1.35868
-3.26968
9.84544
9.6395
-3.31803
-3.30054
-3.31277
-1.27751
5.68473
22.5606
-3.03782
1.23461
0.0473803
9.89788
2.07133
-3.28096
11.546
8.71725
-3.30783
-3.30338
-3.2965
-3.30313
-3.27382
-2.71159
-3.30099
-2.06311
-3.28805
-3.31393
-3.28291
1.3142
14.0959
-3.09217
-3.31293
-3.3191
-3.31005
0.141435
-0.2732
3.97519
0.476882
-3.31013
-3.28754
5.61916
-3.30714
-3.31249
-2.36409
7.13426
-3.26692
2.82457
-3.05354
15.519
4.29743
-3.31584
-2.23232
11.606
-3.27895
-3.29234
-3.29764
-3.30214
-0.908516
-0.669992
20.1405
9.07438
5.04329
-3.30749
-3.32239
-2.43175
-3.29821
-3.16434
0.694975
0.575635
-3.34025
-0.119078
8.09459
6.00256
4.38946
-3.31934
-3.29173
1.86085
-3.29713
4.41178
1.63578
5.14782
-3.2916
-3.27573
11.3128
7.35256
6.11663
-3.32851
2.95723
-3.32853
-3.32855
-3.31603
2.6071
-1.89178
15.1161
-3.32201
-0.132131
-3.32154
-3.29847
-3.33841
-3.31582
5.30104
-3.31967
6.58255
-3.31212
-3.26053
-3.31426
-3.3018
9.87906
-3.34092
-3.28656
-3.28256
-3.31277
0.394183
2.1164
-3.34404
-3.29678
0.934359
-3.33265
-3.30219
19.2164
-0.120619
-3.29559
0.0244562
-3.29235
-3.29395
-3.28804
-3.31025
4.24254
-3.30536
-0.818667
4.26873
-0.588001
-2.00105
-3.30129
13.4512
-3.31873
-3.30954
-3.29353
-3.31322
15.5443
16.052
3.00174
-1.78666
-3.2974
-3.32441
-3.28274
-3.33146
-3.29946
-3.30633
-3.30784
5.4621
9.78575
-3.21291
7.19808
1.17579
-3.35186
-3.2721
-1.90806
-3.31245
-3.30675
-3.29126
-3.29655
5.88825
-0.197035
-3.30392
-3.06943
-3.2819
0.873102
-3.29298
24.7005
-0.95254
5.91738
3.07573
8.79529
-3.3112
-3.30621
-0.57643
-3.30074
-3.32128
7.75334
-3.28252
-3.33756
-3.29627
1.09164
18.9778
-3.2984
5.81615
-3.32558
-3.31697
-3.30484
-1.08885
2.3675
8.06194
7.88808
-3.32544
4.5235
1.65066
-3.31752
-3.31639
-3.31963
-1.11335
7.76826
-3.30513
10.1261
-3.28663
-2.94737
-3.30605
0.304561
-0.0466767
-3.29963
-3.27309
0.720673
5.85586
15.1475
19.6409
-3.31258
6.85967
-1.66381
2.01716
14.3118
-3.274
-3.30022
-3.3133
-3.3255
-3.29809
-3.29253
-3.31094
-3.31082
-3.30954
-2.06544
-3.30269
-3.29898
-3.29723
-3.32834
4.71287
-3.2865
-3.29471
-3.33761
-3.28882
5.77018
7.00436
1.32393
-1.87699
2.44105
-3.30339
-3.29777
3.2893
3.16026
-3.28881
-1.18858
9.54285
-2.24263
-0.801587
-1.96976
-3.30304
-0.679099
-3.30094
4.43358
4.54714
-3.3236
5.64162
-3.33435
-3.30961
-0.128931
-3.30748
-3.31633
-3.31203
-3.33686
23.5321
-0.90783
-3.31893
-3.33363
2.45482
-3.31303
-3.31434
-3.29787
1.67157
-3.02328
21.6784
-3.29193
7.84982
5.77937
-3.30262
-3.29714
-3.27937
-3.30088
-3.31831
7.70274
-3.30393
-3.33639
-3.28529
-3.3228
7.77326
-3.31492
2.99757
13.2326
-3.26672
0.0754719
-3.3326
-3.3159
5.94082
-3.2806
-0.914136
24.5773
-3.31598
-3.31349
-3.3133
8.53343
-3.30272
8.9637
-3.32571
4.3449
-1.60609
-3.28889
8.4394
-2.86648
-3.28536
-3.31373
-0.744411
-3.24973
-3.30084
-0.176573
-2.25534
10.1052
-3.29209
2.57939
16.0924
-3.2862
-2.63231
1.66846
-3.3247
-3.31576
-3.29547
-3.31982
13.1002
-3.27561
0.0140564
1.04969
-3.28681
-3.31172
-3.29709
4.89429
-3.3161
-3.30382
-3.29734
10.1646
22.0665
-3.33434
-2.08297
-3.31353
2.4202
3.79352
6.10828
-3.18684
-3.30832
-3.31343
-3.3067
-3.3057
-3.29078
-3.2989
-3.29103
0.686808
-3.29085
-3.32087
2.95964
14.6493
-3.28816
6.72599
-3.29572
-2.61663
-3.29931
3.69973
-3.30485
-3.30869
-3.27731
0.949298
6.94715
2.7593
-3.32194
-3.30764
-3.32714
-3.27437
-3.30146
-3.2849
-3.29881
-3.31611
-0.357308
-3.33676
-0.450997
-3.30585
9.99945
25.624
-3.29477
-3.31566
-3.2808
5.03311
-3.31836
-3.08316
-1.69306
0.35079
-3.32452
4.29388
-0.155106
4.28876
-2.9863
-0.74798
-3.33866
-1.42074
2.45236
13.966
-3.31246
6.22328
5.07078
-3.30038
-0.466396
-3.32052
1.18316
-3.29801
-3.3289
-3.30039
-1.22329
-1.16073
-3.33686
-3.33124
-3.30272
-2.06007
14.7884
1.9944
-3.28566
-3.2843
-3.29683
1.29489
-1.42756
-1.60895
-3.11075
-3.32511
-3.29954
23.9618
5.9986
7.44049
0.440758
0.861582
7.22026
4.36055
-3.3398
9.77166
-3.32455
-0.0496561
1.53122
-3.28383
4.4003
-3.31729
6.97371
-3.29579
-3.32128
-3.28688
-1.13528
-3.30124
-3.27019
-3.31145
-3.30817
-3.3047
-3.2964
11.7135
27.5253
-0.760201
-3.31318
-1.70444
-3.29691
-3.29015
8.28819
-3.3136
-1.54245
-2.99823
-3.34111
-3.3155
-3.32738
-3.31548
0.71291
-3.31639
-1.06014
-3.26845
3.7764
-3.31816
7.40177
-2.27641
4.27059
-3.29174
7.41636
-2.96769
0.996619
1.14029
12.8603
-2.60249
-2.01778
-2.50943
-3.32115
-3.28522
-2.82297
-2.72611
9.63632
-3.30739
-3.30172
-3.27726
-3.32101
-3.29356
-3.31546
-3.31507
-3.29103
-3.30161
-3.33349
6.95132
-3.28662
-3.30896
22.728
2.07135
-3.28808
-3.30468
4.58576
4.79529
10.4929
-0.815485
-2.51345
-3.31224
23.4801
-2.69869
-3.31756
12.0076
-3.25447
-3.29864
-3.28876
5.84326
-3.30599
-3.30739
-3.29196
5.60477
-3.28681
-3.32484
-0.110961
-3.31772
-3.29424
5.57502
5.24335
-1.49148
4.22168
-3.31693
-3.29706
-1.80682
-3.31462
6.57203
-3.3138
-3.32058
-3.31398
-3.31278
-3.32662
8.18224
-3.2988
4.41272
3.62045
4.09659
8.2382
5.95345
-3.29461
-3.32359
-3.28423
0.952826
-3.29895
-3.31567
-2.69715
3.92105
-3.30405
7.72047
-3.30532
-1.4029
-3.31382
-3.24996
-0.542211
-0.111694
-3.32543
-3.3012
-3.30672
11.4
-1.82961
-0.270803
-3.32117
2.90626
8.11253
-3.30572
38.4266
-3.3073
-3.29146
-3.31698
-1.6584
-3.29801
-2.28304
-1.5716
5.80974
-3.30037
-3.31655
-1.96928
-3.31987
0.836324
5.5056
-3.29233
-3.30229
1.02086
-1.39285
-3.31507
1.48471
-2.10008
-3.30315
-3.29654
1.37696
5.23538
-3.32157
-3.32818
-3.3054
-3.27924
0.909511
-3.29893
-3.33805
9.26649
-3.28389
8.71931
-3.3087
-3.30395
-3.064
2.82675
3.0936
7.62291
-3.30128
2.62509
-3.31415
9.02072
0.620276
-3.3248
2.46065
-1.46133
6.80612
-3.26872
2.1271
16.6783
7.43498
-2.86451
-3.01291
3.26627
-1.85678
8.73808
9.83368
3.12862
-3.29353
-3.33044
-3.33088
-0.678286
7.67572
6.96903
0.53882
8.69918
1.17044
-3.30671
-3.32071
-3.31901
3.58846
-1.53293
4.68374
-3.34252
-3.29648
0.606426
7.13128
10.5812
-0.755961
7.04536
-0.251986
4.0593
-3.29739
5.43901
2.73407
-3.28003
-3.3327
-3.31384
4.90116
-3.30853
-3.31579
-3.29815
8.66513
3.55055
-2.71113
12.3071
6.66564
-1.4536
-3.29901
11.2351
20.9664
4.51897
-3.325
-3.29287
-3.29572
2.169
-2.91804
-3.31025
4.89042
-2.45447
-3.29139
11.3618
11.3286
4.81751
-3.2993
-1.96003
6.0253
-1.98492
0.424616
2.68726
-0.434223
5.36378
-3.31075
-3.29451
8.56568
0.146559
-3.30247
-3.28352
10.5976
-0.947105
17.4281
0.263413
5.97779
-3.313
0.960073
-3.31338
-3.29203
-3.3255
-3.31672
-0.472146
-1.16816
-3.30271
-3.29568
-3.3084
-3.30736
1.91988
-2.06962
-3.30196
-3.33145
-3.28686
-3.31045
-3.28485
-3.29349
-3.30668
-3.28254
-3.30466
14.5937
-3.31305
6.04157
-3.32732
9.82935
-3.31021
3.84975
-3.28438
-3.3174
-3.29168
4.41819
-2.47329
-1.21617
-3.31192
5.15211
-1.60694
-3.31719
1.69154
-3.29529
8.75534
13.363
-3.3235
-0.839095
-0.848433
0.984369
-3.29284
-3.30217
-1.53781
2.23343
10.682
0.683993
0.433768
-3.30194
17.0909
-3.3027
-3.30583
-3.30255
-0.772907
-3.32164
-3.30293
-3.32838
-0.184196
0.920004
-1.36545
-3.28594
3.77481
2.66441
-2.93253
-3.28681
-3.30341
-3.29137
1.22296
-3.27127
-0.756177
11.8903
3.12478
-3.29457
-3.28266
10.5329
-3.33327
-3.30787
-3.30002
-0.966686
-3.32956
5.00813
-3.29377
-3.29946
-2.04469
9.25831
-3.30284
3.0669
-3.32173
-3.32405
2.63555
-3.29703
-3.3259
-3.30997
-2.38981
-3.32576
1.81207
-3.31347
-3.31108
-2.46839
-3.30853
-3.31576
-3.32615
-3.29983
0.159457
-3.31202
-1.96724
3.90403
-3.27885
11.9842
-3.28756
-3.29757
-3.31412
-3.30096
4.52076
-3.14446
1.1447
-3.31757
-3.31351
2.39889
-3.32412
-2.67503
-3.27848
5.10291
-3.33748
-3.31807
2.1365
-3.34846
-0.419698
1.74512
-3.31805
3.65463
-3.3105
10.1368
15.3444
-3.28592
0.90184
-3.26121
-3.31651
-2.70741
3.82751
-3.28067
-3.3143
-1.16516
-3.26521
5.69454
2.0866
-3.31401
9.08118
4.86211
10.1235
10.1552
-0.0371406
2.11022
4.30815
-3.31634
12.1827
6.30318
2.29269
6.12272
0.0906113
6.5531
0.619983
-3.28701
1.63728
-3.27746
3.98585
-3.30649
-3.30375
7.92478
1.55974
6.07111
-3.29069
-3.32225
-3.28296
11.5249
-3.29832
0.00811237
7.05928
-1.37487
-3.29569
-3.27095
-3.307
-3.27186
-0.271488
0.219493
11.8105
-3.16194
-3.28499
-2.55914
-3.2988
-3.30347
11.2752
-3.29654
-3.31265
5.81117
-3.30796
4.50554
9.00974
5.31924
-3.29921
4.64253
-3.308
-0.461613
-3.3127
1.0738
9.23893
-3.31264
-3.30744
-2.61195
-2.79511
-3.29107
7.57093
-0.842427
4.32362
-3.30932
-3.30652
-0.594685
0.314366
16.1015
4.42647
-0.541991
-3.29333
-3.29453
-1.17589
-2.61859
-3.29594
-3.3189
-3.29788
-2.86229
-3.3277
2.53457
3.99453
-3.28865
-3.30753
3.25538
9.16645
0.501017
-3.32494
8.95842
-0.671592
0.543846
-3.32821
-3.32256
-0.700312
-3.30666
-2.44575
5.99541
-3.30593
0.573666
5.02585
-0.0581844
3.62853
-2.49014
-3.30727
4.94258
11.8927
-2.00914
-3.31971
-3.27809
-0.26963
-3.28115
-3.19115
4.90033
-3.30816
-3.28016
-3.27492
12.9871
5.32044
-3.33017
0.252516
-3.30653
1.94412
-3.31661
0.976504
19.3752
-3.29352
0.853708
-3.3177
2.15944
0.858118
-3.30167
-3.30262
-3.31931
2.01989
4.85367
-3.32195
-1.05381
-3.28731
0.629015
-3.29359
-3.30789
-3.32179
-3.33232
1.32648
8.04238
-1.65936
-3.30897
1.38981
0.276074
7.61814
1.35452
24.0317
-3.28778
-1.89382
-0.924605
-3.30021
17.6147
-1.63456
-3.30527
-0.856444
-0.344698
-3.3051
-2.21328
-3.30329
-3.32352
-3.32374
2.43037
-3.31311
-3.28117
-3.31467
-3.33427
-3.32548
9.74166
-3.31605
-3.31967
-1.21966
4.03933
-2.23043
-3.32156
1.9652
1.56074
13.9515
7.77766
3.13362
4.86311
0.07877
-3.26361
-2.9664
3.94403
7.81454
-3.30121
-3.29239
-3.32159
-3.26175
-2.11426
10.5358
-3.28854
-2.96722
5.13837
13.0373
-3.2986
4.57125
3.25875
-0.299963
-0.0941891
-3.32582
-3.31493
-2.5169
-3.28488
11.466
-3.32837
4.94127
-3.29055
-3.2942
-3.30424
-3.31453
-3.29405
11.213
11.3181
-3.31685
-3.31012
-3.29154
8.68288
-3.32069
-3.3289
-3.32066
-3.29845
-3.27971
-3.30873
-3.29314
10.0555
0.802001
-3.33038
-1.33578
3.30187
-0.773319
-3.3332
-3.28563
12.7799
-3.29881
-3.3313
0.369183
-3.29278
-3.33631
4.7676
-3.31531
-2.99301
-3.1886
-3.32265
-2.14269
-2.09324
1.15512
-3.30678
-3.31086
3.1405
-3.32673
-3.3194
-3.31626
-3.29427
12.9833
0.940974
8.82498
3.54879
10.2933
-0.792157
1.02346
0.0338371
-3.28801
-0.346645
-3.30895
7.15529
17.6549
-3.31208
-3.04831
3.94709
-3.31778
5.23646
4.85997
-2.30325
-3.31585
-3.29661
-3.32318
-3.3094
-3.29921
-3.32984
7.33302
6.84572
-3.30227
5.89767
-1.66088
-3.27936
15.9072
1.25134
-3.31097
-2.14328
0.499401
-3.3058
14.7391
-1.91789
-1.57737
-3.29848
-3.30411
-3.30166
0.600069
-3.3131
-0.713003
-0.206322
8.99301
10.5077
7.57739
0.52864
-3.3069
-3.31221
12.7206
-3.33061
2.55666
-3.30311
-3.30491
-3.28863
-2.81468
-3.32239
5.58533
-2.28121
-3.3236
-2.32471
-3.32349
-3.30965
1.41718
-1.84166
-1.36625
17.0955
3.21421
3.65082
-3.31007
13.66
-1.49475
5.20493
13.4687
-3.29547
-3.31797
-3.31789
3.11011
-1.248
24.5639
-3.30703
0.550259
-3.28671
-3.30096
6.47287
-2.50762
10.2889
-3.31779
-3.31647
-1.36053
-1.87052
0.638718
-3.09846
-3.28537
4.99894
-3.29841
-1.11922
0.943952
-3.28794
-3.29924
-2.53038
0.574498
-3.29964
-3.29381
3.00984
-3.29966
-3.32875
-3.27763
7.31957
-3.30346
-3.32842
11.3939
-3.3362
14.0454
-2.80695
-3.31025
-3.30792
-3.29322
-2.73496
2.12313
-3.30405
-3.31553
-2.82037
2.84356
-1.40238
-2.8311
-0.535396
-3.28679
8.70437
-1.34327
-1.39217
-3.31958
-3.27574
-3.31513
-3.28586
-3.31433
-0.450402
-3.27337
-0.0416305
0.31059
-3.05233
6.1051
-2.17121
-0.251114
-3.31407
0.847225
-3.26058
-3.27929
9.8861
-3.16931
-3.32078
-3.3286
-3.32808
-2.91787
23.4345
-3.32006
8.94827
0.725294
-3.2831
-1.14867
-3.31414
-1.13126
5.8023
-3.31717
8.23478
-3.33756
0.609009
-3.27733
10.7787
-3.32078
-3.31032
-3.32786
-3.3006
3.26725
-2.98376
-3.29169
-3.29057
-3.28128
6.04183
-3.29331
1.66774
5.42052
-3.31047
-3.33822
7.39506
6.47751
3.23532
-3.29183
-3.28986
0.0915429
-3.32346
-3.30661
-3.29454
-3.3241
0.584904
-0.922336
-3.31084
5.7674
0.936695
8.11632
-3.31778
3.94153
1.58051
-3.29852
6.62532
-3.29123
-3.32129
7.2389
6.70608
1.40688
-1.9379
2.25927
8.94062
-3.32943
-3.29175
4.42597
11.8754
5.36242
-3.3038
-2.32072
-3.32185
-2.117
-3.32102
11.7822
-3.32398
-3.30844
-1.62069
-3.09548
1.82892
-0.691263
5.44521
-3.30266
3.17461
4.5244
-3.28941
-3.29691
-3.30402
-3.28182
0.578107
-2.26547
-3.28827
3.60755
-3.30496
-3.31773
-3.30481
5.98585
-3.30871
3.75015
7.67523
15.4995
10.3326
-3.30613
-3.31403
-3.2843
-3.29998
-3.31652
-3.34099
-3.30618
-0.818646
-3.30866
3.78496
4.69944
-3.30756
-3.29715
-3.33524
-3.31256
4.37896
-3.32368
-3.16599
-2.93313
-3.3074
-3.2948
-3.27966
-3.29358
-3.30106
-3.3109
0.904315
-3.31731
-3.32458
-3.35171
14.6446
-1.77946
-3.31853
-2.4114
-3.1288
-3.30407
-3.30344
21.3774
-3.31944
-3.29493
-3.31348
0.297081
-3.31612
-3.31785
2.84836
-3.30726
-3.32965
7.89694
-1.84835
9.27107
-3.31061
0.551285
-3.29007
7.90025
4.73643
-3.31822
-3.27037
-3.30964
8.39036
-3.30209
-3.30916
5.71884
2.42552
13.1711
-3.28077
-3.30475
1.81068
1.23521
-2.95424
-3.28396
-3.30449
-1.42947
-2.15776
-1.73504
-3.29162
-3.31468
-3.18288
-3.30785
-3.29703
1.79402
-3.26132
7.48238
2.44131
2.95593
-3.32157
-3.34283
-3.32649
-3.28352
-1.31824
8.25912
2.29314
2.78812
-3.33311
-3.32958
13.6201
-3.32607
-3.31881
1.93971
-0.608771
6.53823
-3.32422
-3.31578
-3.31649
-3.3133
-2.74734
-1.91747
4.79733
-3.32084
-0.527599
-3.32586
1.78056
-3.29782
-3.21952
0.187733
10.5283
-3.33461
-3.32936
-3.30943
0.414928
-0.642901
5.28617
6.30501
2.58656
-3.28789
-3.295
6.82434
-3.331
13.6116
-3.30542
11.5191
6.4454
-3.32871
-3.2895
-3.31652
-1.41763
-3.3029
-3.28491
4.57948
8.48141
-3.32346
-3.31829
-3.29295
-3.29427
3.24163
-3.31891
14.282
-3.29113
1.20089
-3.24191
-3.3197
8.79412
-3.28953
3.7227
-3.3123
-3.31644
-3.32078
-3.31792
-3.2581
-3.31869
10.2245
-3.31836
-3.32849
-3.29933
-3.30452
-3.30389
-1.61598
9.6022
1.3698
-3.30198
10.146
8.97058
-3.33445
3.78561
2.60803
-3.30181
13.4696
1.09331
2.13214
-2.17839
-3.33402
1.40909
-3.34352
-2.79452
-3.28534
-3.28055
20.3398
-3.32133
6.84526
-3.30519
0.765099
6.91881
21.5543
-3.306
-3.33906
-3.31852
-1.56273
-3.30707
-0.71647
15.6862
-2.85281
24.8728
4.66994
5.82195
-2.77447
1.58884
-3.32063
-1.87266
7.52151
2.65082
1.01475
1.33709
-3.28856
15.0225
0.903705
-3.32039
6.71326
-1.77358
0.892226
-3.31177
-2.62847
-3.3227
-3.33402
-0.01613
1.42734
1.57486
8.49823
-2.99472
-2.60841
-3.32721
-2.78549
-2.33164
7.54234
-3.32161
-1.03578
2.47627
2.75829
2.10041
-0.5247
-3.30731
1.30071
-3.31043
10.4098
4.02914
-3.32558
-2.88273
-3.29284
0.136608
11.6412
-3.30648
-3.27595
-3.30347
1.72677
2.56947
-3.3227
-3.32131
-3.28644
0.731924
-3.28847
1.62578
-3.322
-3.32613
3.31442
-3.29795
-2.88811
-3.29435
-3.25931
-3.28855
-3.31636
-2.86832
-3.30347
-3.2928
-3.29045
-3.31979
-3.28148
-3.33178
-3.31292
-3.3007
4.38786
6.07331
1.71136
-3.30414
-3.30838
-0.903441
-3.32237
6.97298
-1.48449
1.02008
-3.31261
6.23617
-3.34304
3.65264
-3.31008
-3.33631
0.545008
-3.29877
0.168351
23.1247
-3.30719
-3.28319
-3.34279
-3.31023
10.7796
0.372998
0.0312118
-3.31036
-3.32605
8.44017
-3.30702
-3.2787
5.53727
11.3131
-3.30681
-3.31257
-3.31515
-2.75946
-3.31435
-3.30905
-3.31222
-2.99846
-3.32833
-3.29392
5.03539
-3.29932
6.73506
-3.30538
-0.716115
-0.301104
-3.322
-3.1402
-0.844179
2.79531
-3.31392
-3.29806
-3.29931
-1.49671
8.29458
1.05734
-3.31299
-3.36911
4.97163
-2.88386
-3.3289
3.30061
-3.31065
-1.93274
-0.211476
-3.30587
-1.29664
1.86527
-3.3058
-3.31067
-3.30749
-3.30765
-1.46098
22.7324
-3.3241
-2.90883
-3.3125
5.46692
-0.727055
8.833
1.50063
-3.30336
-3.28579
0.00774972
-3.32676
-3.31537
-3.1516
4.75934
6.89933
3.0432
-0.664523
-3.28402
-3.31148
6.3643
3.22032
4.96443
-3.27702
8.6195
-3.26427
1.60886
3.02593
-3.30296
-3.29773
-3.28632
7.26627
-3.30777
-3.28798
-3.2997
-2.41584
-3.31772
11.2266
-3.3181
3.50202
-2.54131
-1.95178
7.66023
8.78435
-3.31609
3.22607
-3.31071
-0.248014
5.15693
-3.30134
-3.34411
-1.911
-3.3189
-1.10058
3.67256
-3.30297
-3.30069
-3.29993
-3.27883
-3.31339
-2.10386
-3.31045
-3.30528
-1.14264
-3.28454
-3.27831
1.62652
6.34286
-3.3277
-3.30743
-3.28186
-1.27109
-3.30653
-3.29026
-3.25965
-3.33794
-3.2876
-1.53355
-3.32604
3.64378
-3.30168
-3.28539
2.53637
10.7492
-1.1191
-3.29078
-2.00833
-3.30577
-2.72876
2.24191
-1.62988
-3.31181
-3.35267
8.81915
-3.28713
-3.32323
-2.09095
-0.219902
-3.30586
-3.30961
5.99965
-3.30452
-3.30364
-3.31385
-3.30645
-1.98742
-3.31933
5.42883
0.534207
-3.30431
-3.32468
-3.29516
1.94973
1.45798
0.887884
11.4198
-3.30187
11.9271
3.75487
15.4705
-3.29134
-0.865894
-1.91564
-3.33557
-3.29727
3.13043
19.2609
1.04582
-3.32656
-3.30621
-3.32112
-1.78174
8.82424
-3.31011
-3.29808
-3.32162
-3.30954
0.15485
12.355
-3.29735
-3.34986
8.24031
15.9788
-0.0226382
-3.31689
-3.28304
-0.676622
-1.77046
0.802904
17.7629
-3.3079
-3.28841
-0.381335
-3.29993
5.95136
-2.32779
-3.30796
-3.27854
-3.28867
11.2903
-2.2763
18.7725
-3.26434
-3.28155
6.76748
-3.32953
8.88435
6.06857
-3.28178
-3.30392
2.82067
-3.31478
5.538
-3.33239
11.6328
1.06065
-3.30152
-3.30276
3.71151
2.22936
-2.63053
3.25148
-3.32668
8.02643
8.73839
-1.71205
5.46226
-3.30785
13.2775
3.90185
-3.27925
-0.379397
-1.67818
2.38503
-3.287
3.17254
-3.33634
-1.72472
-3.32245
-0.0395626
-3.3164
-3.31186
-3.31085
3.77752
2.2675
6.89559
-3.31508
-3.3261
-3.31657
1.99419
-3.30613
-3.31948
-2.77066
1.81348
-3.30918
-3.34029
11.6293
9.42479
-3.31451
-0.719667
-3.32332
-3.32506
9.01734
-2.21831
-3.35424
-3.31115
11.679
3.88303
-3.28592
-3.14624
0.789528
-3.29085
-1.7486
3.18298
7.29315
-3.32146
-3.32041
-3.30811
-3.29043
-3.31114
-1.70819
-3.29644
8.38913
-3.3189
3.18382
-3.28309
-3.30795
-3.30776
-3.29075
-3.04732
7.32894
5.63814
2.19502
-3.32726
-3.2839
-3.31107
3.7664
-1.48872
1.5871
1.46398
-3.32331
-3.2952
-2.43182
-1.00059
3.67715
-0.173288
11.9161
-3.2971
-2.81688
-3.29062
-3.287
-2.89556
6.00266
-3.24945
-3.31124
0.775166
-3.30834
-3.28929
-3.33089
-3.3039
-3.03045
-3.3144
-3.28585
-0.2352
10.6699
-3.31816
-3.30923
-2.51172
3.78053
2.75801
-3.31101
-3.30828
-3.29666
-3.29969
-2.15836
-3.30875
-3.29894
-3.28694
-3.32264
-3.31153
1.36371
-3.30859
-1.67177
14.9084
5.6289
4.9868
-3.06047
1.50031
-0.140597
-3.30307
-3.29621
8.05987
-3.29885
-2.93588
1.18647
1.84297
-1.2266
-3.28434
5.53735
-3.30423
-3.30659
5.15276
-3.30038
-3.29981
-2.7227
-3.31417
1.07495
-3.30243
12.7287
-3.32942
-3.2877
-3.29686
10.0157
7.07751
-3.34532
-3.31382
9.73275
-3.30682
-3.32334
-3.30824
-3.32858
-2.68016
6.33437
-3.28965
4.31534
1.61357
-3.29524
-0.648008
-3.29689
-3.31634
3.86492
-3.2925
-3.32175
-2.43858
1.16848
-3.30595
-3.3077
8.88798
-3.28978
5.95723
14.0097
-3.30215
14.9704
-3.30813
-3.30816
-1.26565
0.454992
-3.3362
-3.30125
-0.576179
2.97833
0.448725
-3.28204
-3.31523
1.67443
1.72885
-3.31672
0.270652
5.49545
-3.26888
-3.32041
-3.30684
5.65781
-3.28127
6.41205
7.33563
7.77829
-3.28976
-0.249726
-3.29957
-3.32286
-3.31849
-3.30017
3.64437
6.25404
5.6862
0.598149
-3.292
5.6817
-3.29023
5.39356
-3.27718
-3.30996
3.41319
8.87407
4.9538
-1.12628
6.78565
-3.31029
-3.30154
-3.32585
-1.57464
-3.31021
2.68875
-3.29679
-3.32594
-3.32527
6.82927
4.63303
-3.26541
-0.816554
-1.0565
9.09736
4.62057
-0.992663
-3.31908
-3.30231
-1.86137
4.39093
6.3967
8.20642
9.20281
4.30302
-3.3009
-3.32149
12.3405
-3.29494
-3.31829
-3.29666
-3.2797
-3.29647
-3.29314
1.32335
9.72879
11.1225
7.98172
5.90619
-3.30321
-3.2882
0.605782
6.29013
3.0822
-3.30586
0.338311
-3.33004
-3.29129
-3.3003
18.7148
-1.67316
-3.30478
0.19291
-3.30904
-3.28847
-3.12638
-3.30391
-3.31092
-3.29285
5.44029
-0.561256
-3.28124
-1.26812
-3.32649
-3.28675
-3.3054
-3.30026
-0.901049
1.84318
-3.33199
2.49949
13.7415
4.22432
-3.30803
3.00685
-3.30647
-2.85433
-3.29846
27.1071
-1.40087
-3.27467
4.06264
-3.33574
-0.372935
-3.29937
6.51728
2.70292
-3.32409
-3.31383
-2.0999
3.93971
5.17349
-3.31537
4.36793
-3.32705
-3.28521
-3.34154
-3.28743
12.2441
-3.29527
-2.33906
-3.27568
-3.31697
-3.2514
-3.32431
-3.3194
1.36503
4.74526
4.06829
0.410816
-3.32145
1.71625
0.291193
-3.29137
-2.56577
9.70477
-3.3428
8.40069
1.26472
3.87246
7.67809
23.8007
-3.30579
2.62784
-3.32113
-3.30076
5.85983
0.830869
-1.9284
-3.32878
4.62846
1.20689
-3.31476
-3.30686
-3.31136
-3.29985
-1.94965
-3.31975
6.793
-3.27824
2.49568
-3.31009
-3.2778
-0.869209
-3.31437
-3.27475
-3.34046
-3.29843
7.09718
7.63502
-3.28932
-2.78879
3.73498
4.93773
-3.31979
-0.169848
-3.3007
-3.32053
-3.32048
-3.30094
13.9881
15.1362
-3.28095
-0.557473
9.82904
-3.29789
14.3095
-3.31308
-3.31678
0.596868
1.36525
-3.31626
-3.3093
-3.31413
-3.30972
3.16575
-1.8961
-1.31916
-3.30166
-1.99487
-3.28826
-1.91343
1.23436
-3.334
-3.29464
-3.29896
-2.3818
-0.479147
-3.08507
11.0264
-3.31591
-3.30818
-3.30638
-2.92971
-3.31558
-1.68891
-3.31903
-3.31405
6.77489
3.65004
-3.11105
-2.14982
-3.28474
0.477778
3.5358
17.6218
-3.29702
6.45346
-3.29329
8.44575
-3.28689
-3.29885
2.42711
-3.30967
1.14862
-3.31868
-3.30932
-3.31382
-3.28718
1.01159
-3.30036
-3.31291
-3.29646
-3.29201
-3.29383
-3.33705
-3.31288
-2.68816
17.6775
-2.44204
12.0903
-3.2941
1.03896
-3.33743
-3.32802
-3.24224
-2.11116
-2.87833
-3.31411
-0.746928
-0.0652212
-0.523292
15.6116
3.9829
1.67752
11.0245
-1.94957
-3.31412
-3.28531
-2.23369
2.82144
15.4311
-3.3061
-3.28661
-2.47772
0.426937
-3.30095
7.35325
5.98248
3.10082
3.0319
-0.83298
5.75389
0.58485
19.15
-3.32201
-3.31396
7.00703
-3.27881
0.794397
-0.91771
-3.28194
-3.3162
-3.2633
-3.30207
13.5786
-3.31856
2.75212
-3.2829
1.26428
-3.33495
-2.94851
-3.2797
-3.30803
-3.29748
-3.30531
18.9568
-3.31233
-3.29349
8.68179
-1.98907
9.5176
7.3145
5.81094
3.51848
4.4803
-3.30482
-3.34126
-3.32505
-3.33221
-3.30251
2.15721
-0.643215
-3.29625
-3.33928
-3.30508
-3.33308
2.8135
10.2545
-3.29353
10.3625
-3.33405
0.799611
-3.32191
16.3711
-3.29457
-1.92184
-3.3041
5.61481
19.5734
5.38811
-3.30366
-3.28739
3.91301
-2.43767
1.31805
-3.06242
-2.47836
5.32111
-3.30616
-3.26885
-3.13734
8.61425
0.257169
5.68109
3.28716
-3.3549
-3.31175
-2.22914
-3.28945
15.3902
-3.27379
-3.31205
2.04758
-3.32004
-3.3045
-3.32507
-3.25813
-3.3176
-3.31147
-3.32919
0.842417
-1.78052
-0.140342
-1.69613
-0.941579
1.82912
-3.31192
-3.30491
-0.808969
0.140633
8.38469
11.6402
-3.29942
9.14987
-3.29843
-3.29429
-3.27916
-3.30269
-3.29533
-3.30544
-3.31497
4.36044
-3.29101
0.550885
5.84471
-3.29902
-2.19107
-3.30294
0.816378
-3.33477
-2.10917
-3.32838
1.3394
-2.44244
4.29437
5.22262
-0.00985557
-3.33016
-0.673678
-0.985597
17.1032
-3.28935
-3.3063
-3.33085
-1.89023
-3.30817
1.19815
16.1637
-3.33057
3.69666
-3.28022
8.01904
-3.10448
4.33248
-3.3086
-3.31847
-3.30298
-1.88096
1.95667
-3.31626
3.73985
-3.30194
3.36509
-3.30718
-3.29244
0.598744
6.82348
-3.17063
-3.29724
-3.30477
-3.31776
4.83805
2.31827
-1.02241
-3.30417
10.9095
-3.31866
-3.34632
8.25128
-3.32745
-2.11901
12.4219
11.9738
-3.31712
3.95916
-2.77265
-3.30959
-3.28603
-3.30785
2.82726
13.4915
-3.29772
0.931905
1.3194
-3.18791
21.1377
9.9783
-3.3032
-3.31187
1.45676
-3.29376
-3.33251
10.773
-3.30835
-3.32702
2.32489
-3.33137
-3.30005
-2.85836
-3.28215
-3.30655
1.84202
12.0166
19.6648
-3.28858
-3.30413
10.9798
-3.3236
6.0189
-2.00889
-2.94763
-3.30523
0.597355
-3.31495
-1.68982
3.86222
-3.31578
0.868252
-0.765967
-3.30404
-3.3276
-0.719926
-0.596289
8.18995
2.8723
-3.30239
-3.27683
-1.2624
5.58854
-1.15822
-3.29853
0.955436
-3.31106
-3.32073
-3.34639
6.94266
1.79913
-1.83506
-3.29877
1.2596
3.38428
3.00374
-3.31413
-0.228736
-2.39934
10.1644
-2.14411
3.77283
-3.32951
-3.29172
-3.2897
11.2031
-0.782329
-3.32595
-3.30488
-1.97711
-3.29274
2.2665
-3.32574
2.035
-3.29193
-3.29557
5.3529
1.17548
-2.85055
-3.3023
-3.32288
2.31335
-3.20732
-3.30167
-3.31937
-3.29764
5.00849
-3.29285
9.13639
2.08427
-3.28061
-3.30373
2.61019
10.5483
4.72302
4.80323
-3.3045
-3.34037
8.35612
-3.32747
-2.18267
1.93256
1.59029
-3.31824
-2.14579
0.417542
-3.29164
-3.29754
-3.33211
-3.2884
5.61874
-3.31802
1.5868
-3.32572
2.57458
-3.32092
-3.29861
-3.28462
-3.32287
-3.30675
-3.32955
4.65125
-2.57321
-3.32882
-3.27539
9.12407
-3.31145
-3.27128
8.26475
13.0379
0.882583
-3.29005
-3.04738
-3.3196
2.39417
1.69198
-3.31213
-3.31441
-3.31895
-2.56274
7.38778
8.80366
-3.30342
-1.04834
-3.32283
-3.32943
-0.836109
-3.30266
-3.33623
-0.445976
-3.30411
-3.31166
23.6563
-3.28434
-3.3246
-3.29871
10.4383
0.741292
0.744064
-3.30797
-3.31652
-2.76581
-3.31501
17.0169
-3.29781
-3.28355
8.72415
-3.30032
10.5224
-3.28227
-3.31939
3.10511
-3.28993
-0.593178
3.98191
2.74668
8.42926
-3.30934
4.95379
1.09748
13.1236
13.867
-3.31281
-0.933693
1.72255
-3.31011
-2.54384
10.4033
6.73468
5.65871
-3.3429
-3.29942
-3.30222
1.76411
-3.34189
9.63349
-2.57199
-3.32377
13.027
-3.3093
0.517709
4.99189
-3.31737
19.2868
9.1932
-3.31999
-3.2742
-3.31112
-3.33609
12.6907
5.39992
3.26359
-3.30426
-1.71968
-2.84518
-0.115092
-0.686379
-3.30399
-3.28538
-3.3066
-3.31836
-3.32441
-2.67664
-3.29004
-3.3202
-3.02686
-3.30927
1.66022
-3.31231
8.43163
-0.77961
-3.15017
5.95616
-3.30676
2.4276
-2.77952
8.82035
-3.33788
-3.31638
16.3524
-3.30752
3.68969
-3.30814
-3.28147
-3.28991
12.465
-3.30854
0.628581
-3.318
-2.8761
22.6152
-3.31688
-3.33548
17.2419
5.11685
-3.32099
-3.30211
14.5408
9.77432
1.34876
-2.71743
4.3353
6.3934
-3.32356
-1.54053
-3.30586
-3.32841
11.4344
-3.31504
-3.29976
-3.33715
6.57319
8.24015
1.0451
-3.31305
-2.5109
4.79569
-0.0924286
5.2216
-3.30326
-0.181306
0.803631
-3.30189
-0.21874
-3.32
-3.34731
2.5811
3.92329
-3.30649
-1.08924
1.39598
-3.31053
13.6728
-3.3108
6.74996
6.89784
-3.3107
0.672942
1.05767
5.66912
4.8025
-3.32574
-3.30885
-3.28705
4.19047
0.643229
0.970103
4.71159
2.2316
10.804
-3.32356
1.59319
-3.32803
-3.34201
-3.31836
-3.30377
-3.29587
-3.32946
2.05504
-3.31125
-3.30392
-3.31277
0.490403
-3.3047
6.62991
-3.31829
3.67715
9.06467
3.58421
-2.6907
-3.3311
-0.535293
8.21263
2.2684
-3.33553
-3.3033
-3.11762
0.0756477
-3.27121
3.65021
7.42208
-3.30237
8.58178
1.48428
-3.26945
-3.30092
-0.454285
-3.29154
-3.28708
21.4954
-3.30035
-3.04828
-3.32265
-2.40599
12.714
-3.28637
6.60063
-0.207595
-3.28868
0.617187
7.43336
-3.30736
-3.32604
-3.29933
-1.54234
-3.32911
-3.29414
-3.30523
-3.29094
-3.32472
4.52175
-1.86561
-3.28546
9.31732
0.553986
-3.33078
-3.28682
-3.31835
-3.28994
-3.31294
3.69957
-3.35651
-3.3032
1.55322
-3.26394
-3.27799
-3.30732
-3.30939
-3.30102
-1.19383
0.203714
4.23857
-3.32615
-3.32401
-3.31303
3.55631
-2.45391
-3.28818
-3.30634
0.579457
-3.33103
11.4652
-3.30739
0.684638
-3.30672
6.85868
5.06531
-3.30055
-3.2789
-3.3369
-3.30701
-3.28133
-3.29565
-3.29567
-3.29459
0.310861
-3.31629
-3.27261
-3.29803
3.20952
-1.92773
-3.29438
-3.30434
-3.30924
-1.54134
5.43686
-3.27478
10.2432
-3.29062
-3.28998
0.188548
-3.30941
-3.30574
7.71361
5.27493
6.71266
-3.30426
-3.32443
-3.30318
0.291364
-3.30688
6.78865
11.0482
3.76629
-3.30294
16.4436
7.00428
-3.29831
-3.32495
-1.12367
1.93397
-3.30223
23.4368
-3.31141
-1.17772
-3.2803
-3.30386
1.00694
5.21736
-1.17667
-3.32254
-2.48999
-3.32138
-3.31165
-3.30653
2.09095
-3.30237
-3.32044
-0.411258
1.98357
-1.10424
-3.29259
-0.6136
-2.81305
4.50024
2.16288
-3.33435
2.30195
-3.32479
9.9669
2.1243
-3.32785
-3.32097
-3.30467
-3.31529
1.94888
-3.29654
-3.28813
10.7378
-0.446451
4.40486
-3.30264
-2.31846
3.02463
11.6397
-3.30273
-1.4647
3.11446
7.06524
-3.32008
0.457636
-3.30528
-3.28666
4.03498
-0.328941
-3.30202
-3.33384
-3.32658
-3.29726
-3.30625
2.83049
-3.33133
-0.864789
-3.3268
-3.30674
-2.62649
-1.8959
-3.31036
-3.30208
-0.47074
2.82226
-3.3211
21.9277
1.60542
-1.32182
-3.34257
0.592528
-3.30075
7.13126
-2.50917
-3.3089
-3.29037
-3.29926
-2.70708
0.716158
-3.31078
1.84821
2.29552
6.17398
-3.30227
-3.30564
1.13205
-3.31889
1.33907
-3.29094
-0.116099
-3.29157
3.3343
-3.30928
-2.66735
-3.32226
-3.30504
-3.30628
4.72576
-0.496901
-3.28928
4.63761
5.62916
-3.31149
-3.31729
-3.28051
-3.29844
-2.2312
0.129353
-1.57271
4.67002
5.00004
-3.33879
-3.30221
-3.29762
-3.30522
-3.3034
4.47453
-3.3137
-3.31563
17.3517
-3.29592
7.35553
-3.32039
-3.31395
8.95281
-2.91188
-3.31673
9.91173
-0.436659
-1.31477
-2.54596
-3.31701
-3.31144
-3.30619
-1.05827
9.52453
5.74137
-3.30477
4.92214
1.22368
2.03292
-3.3168
-1.63504
-3.316
-3.30687
-3.33461
-3.30538
-0.270827
-0.610272
-2.23997
-2.69295
-3.29812
18.8217
1.51446
1.07812
-3.28096
4.09249
-3.31531
-3.30814
-3.3148
-2.87178
1.16711
-1.27228
-3.27561
-3.32288
1.11961
14.5848
17.9419
1.3576
6.97434
1.5871
-3.31515
-3.30195
0.552097
-0.78762
-3.27784
-3.30838
-1.35913
6.12753
-3.3108
-2.10457
2.91144
1.21512
-3.32171
-2.77866
-3.32555
1.60804
-3.3261
0.106627
2.28796
-3.29532
-0.850266
-1.37635
0.0923389
-3.32592
3.28571
15.2982
-3.28148
-3.32399
5.19931
-3.29717
-3.30196
-2.62271
2.55209
-2.79319
-3.32082
-3.30447
5.94705
-3.32229
-3.28817
1.57076
-3.29473
0.952969
-3.33214
5.49237
-3.30848
-3.29221
1.7854
-3.31465
-3.06
6.52149
8.97413
-3.31326
-1.8119
4.00602
-0.570046
-3.28154
-3.29554
-3.32711
16.8795
-3.30247
16.1393
-3.31625
-3.28509
-1.25379
-3.28548
8.36241
2.91569
-1.28061
0.212228
5.34166
-3.29832
-3.30247
-0.898383
-3.31038
2.32361
-3.30027
7.61233
-3.30018
-2.19731
-3.30398
-3.30483
-0.651278
-2.90012
-3.28694
8.06963
5.48234
-2.92983
-3.32893
-3.36276
-3.32018
-2.87689
2.32715
1.18111
-3.28272
-2.27503
-3.34094
-0.998502
4.45566
15.1558
-3.28039
-2.38823
-3.30104
-3.32248
4.69662
4.05479
-2.00233
3.64714
-3.31738
-1.35284
-3.27879
28.1987
-3.29283
-3.32186
1.71352
-2.30518
-3.30358
-3.18474
-0.511964
-3.29141
-1.73098
-1.23587
-1.6983
-3.3009
2.3988
-0.344098
-1.69248
-1.94778
-2.93337
-3.31587
-3.23358
5.04869
-3.3134
0.0982804
2.44474
-3.29752
5.32039
-3.3171
-3.27977
14.6668
-3.28131
-1.09185
-3.32549
-2.4301
-3.30026
14.972
3.16569
4.23461
-3.32224
9.40947
-3.31696
9.11587
-3.04785
-3.30427
-3.30617
8.7068
-3.29365
-0.179643
-1.99241
-3.28094
15.9413
-3.3125
-3.335
-3.33033
2.15377
-3.28652
-3.1909
1.2196
-0.654737
-3.31952
10.2455
-3.3119
2.62677
-3.28617
-3.33323
-2.85252
-3.28712
-3.31929
-3.30186
3.13815
0.64182
-1.08525
0.937547
-3.30485
0.0276899
-3.31356
11.6876
-3.32458
-3.30453
-3.33365
5.05976
-3.31232
2.67125
-3.30994
-3.29545
-1.14043
0.0776534
-3.29833
-3.29385
-3.29366
-3.30608
-3.30149
-3.29814
-3.26289
-3.26405
-3.28805
-2.96178
-0.245145
0.757068
-2.20168
-1.92892
-1.06292
7.25731
-3.31059
5.17476
-3.29266
17.1603
-0.295168
-3.30974
1.39248
-2.17107
2.00412
-3.32239
-2.64857
4.3912
-3.31795
-3.28366
-3.31295
17.7588
-1.66827
-1.77409
3.92249
0.726887
-0.922566
1.23765
-3.31287
-0.818358
-0.576818
-3.29247
2.12115
-3.30278
0.766532
-3.31618
11.2591
0.979284
-3.32375
0.76017
-3.31102
-3.32533
0.573689
-3.33771
-3.3255
11.4377
11.5076
6.62379
0.684105
7.20697
-3.32155
3.96778
3.54536
-2.84698
18.2684
-3.29479
-3.28437
0.338099
-1.1717
-3.29334
-1.2955
3.0837
-1.67655
8.18106
-1.16378
-3.27539
9.71623
4.16091
10.0627
-3.31286
12.2819
8.34268
-3.28507
-3.33943
-3.30407
-3.3259
3.01942
-3.30606
14.5431
-3.31838
-3.30468
4.21109
-3.32151
7.64264
-3.32029
-3.31497
-2.9268
2.77815
-3.30117
1.27163
-3.29823
-3.2902
-3.30614
-3.28961
-3.31709
9.82292
-3.31055
12.5333
-3.31473
-3.29235
3.00448
10.9977
-3.28673
-3.29996
4.14688
4.47243
-3.28342
-3.28742
6.60846
-3.31901
-0.939879
2.38446
-3.31834
-3.32853
-1.69734
-3.2963
-3.31827
1.78488
15.0064
-1.34822
8.58093
12.0031
-3.28411
4.81022
-3.32753
4.71273
-1.34509
-3.32271
-2.12503
-3.30659
-0.646697
-3.31394
-3.30711
-3.33971
9.26982
-0.120835
-3.31558
1.82367
-3.29223
-2.33568
1.72034
-0.569988
-3.33545
-2.61688
-3.29487
-3.32894
-3.29126
-0.629137
-2.5236
-0.951732
-1.39067
-3.29056
-3.32207
-3.31258
-0.435337
-0.567142
-3.31801
-0.711924
-3.32236
-0.512984
-3.30902
-3.32836
-3.31907
-3.30744
-3.29107
-3.32883
-3.31859
-3.3263
3.66543
4.12292
-3.30923
-3.2965
-3.30567
-3.31515
-3.31795
-3.32093
-3.30182
6.47573
-3.31614
5.89507
2.52307
-3.27398
-3.32884
-1.39414
-3.19308
-3.30533
-3.3092
-2.68608
-3.32452
-1.3655
-3.31932
3.90419
3.52691
-0.314098
-2.23825
-0.240982
-3.32677
-0.511062
5.20031
2.08272
2.3645
5.12216
-3.30917
-3.00374
-3.30823
-3.31693
10.9874
-3.29234
8.66275
-3.2926
-3.31111
2.90481
-3.31128
-3.32001
-3.30668
-3.29726
-3.31848
1.83232
-3.3324
-3.31778
-3.30698
-0.93783
4.48754
-3.30438
-3.29736
-3.29946
4.35084
-3.31601
15.0604
-3.30651
-3.32329
1.07669
-1.99188
-3.29765
-2.37339
13.5138
-3.31108
9.35906
-3.30432
-2.27758
-3.28744
-3.3031
-3.31024
-0.897546
-3.29737
-3.29911
0.0672084
-3.32468
10.1331
-3.30298
-3.29082
-1.16481
-3.31011
-3.34002
-1.12277
16.8587
-3.30794
-3.15053
-1.76338
2.8746
-0.804499
0.992357
-3.30928
-3.30905
-3.31562
-3.3156
0.348669
11.7162
0.00832814
17.1703
20.2408
-3.28565
-3.30315
10.2653
-1.86101
15.5319
2.12974
-0.194868
6.65296
4.23756
-3.31234
-3.32351
-3.32566
-3.27832
-3.29822
-3.27827
-3.32379
0.06301
8.41968
10.1399
-3.29571
-3.30616
-3.29499
12.7747
-3.32271
-3.3023
-3.30556
-3.326
9.54075
-3.29902
1.38313
-2.64777
-3.29383
-0.932366
-3.23746
-0.933045
-3.29451
-3.27936
-0.325643
5.42287
-3.3319
-3.35094
-2.58028
10.55
-3.2834
-3.34875
15.2639
3.80729
-3.30941
7.24813
-3.29373
3.80625
-1.87452
-3.32486
0.534145
-3.3251
0.410326
-3.2913
2.12572
6.99905
13.5492
-3.29942
-3.28356
-3.33036
-3.32548
-3.32133
-3.30419
-3.31064
-3.00517
1.48996
3.90047
7.22853
-3.2955
-3.33639
-3.32116
-3.30493
-2.04935
-3.32004
-3.2947
-3.3086
-2.65828
5.51621
-3.31411
-0.181024
-0.71848
-2.18297
-3.33212
-3.33899
-3.3146
-1.07696
-3.32477
17.4232
-3.31361
0.467691
-3.31274
-3.32837
-0.128853
-0.930426
-3.3213
-3.28348
-3.24293
-3.30656
-3.31014
-3.33775
1.61557
11.9749
-3.31385
-3.27292
-3.30183
-3.31053
-3.35011
-3.19853
-3.30503
0.351375
-3.31951
-3.30386
-3.29422
-3.28978
4.87134
-3.26206
-3.29082
-0.139795
5.28343
-3.31433
12.4456
-3.33292
-2.02789
-3.30956
5.22321
-3.33052
-1.12332
4.18517
-3.34953
-0.416349
-2.91167
-3.33214
-3.33412
15.9416
3.22732
-3.31362
-3.29796
3.36859
6.54283
-3.33009
-3.31787
-2.83875
8.98613
-3.29495
-3.30433
-3.29931
-3.31377
-3.28968
-0.72111
-1.52174
2.72721
-1.41632
-3.29917
-1.66817
-3.33454
6.36298
-3.30542
2.73047
-3.28817
6.22905
-0.884852
15.5032
-3.31751
-3.2962
-3.31355
-3.28565
-2.7907
-3.27757
1.69965
-3.13358
-3.31099
10.5785
2.39038
-3.32057
-3.31618
2.27651
12.5863
-3.3258
-3.30476
-3.28519
-3.28986
-3.3193
-1.84553
-3.30614
-3.31518
8.42753
9.9568
-3.30555
-3.31338
-3.30616
-3.2917
9.2815
-0.943155
-3.30924
8.59546
-2.25154
-3.29322
12.5878
4.85466
-3.3253
-3.28007
-2.18987
1.81157
-0.936071
-3.29912
-3.31098
0.868591
0.327659
-3.29134
-3.29026
-3.31651
1.0655
-3.31054
-3.28293
-3.31313
-3.32574
-3.34741
-1.47521
4.25948
6.88426
7.52344
-3.25635
-3.31633
-3.32048
-3.31025
-3.16543
-3.30209
4.17194
-3.27744
-3.3098
0.702701
-3.30443
-3.30472
-3.31116
-3.29519
-0.919516
-3.33129
-3.26865
25.9123
19.3714
-1.14698
11.9416
7.21284
0.525281
-3.31295
-3.30389
-3.31313
0.719118
-3.31024
-3.32121
-0.419951
8.03499
0.500935
-3.31347
-3.30833
-3.30255
-3.3226
8.4585
-3.33466
4.73987
-3.32929
16.8774
-3.30818
-3.2926
3.42903
-3.3047
-3.31448
-3.28878
-1.22521
-3.30873
1.74941
6.76027
-3.28481
-3.32028
7.24864
-3.35544
-2.78282
2.96229
-3.29616
-3.30363
-3.33061
-3.30625
-3.2962
-3.31544
1.95096
-3.30452
-2.35566
6.09771
-1.23643
4.86081
-3.29057
-2.42735
14.1337
-3.28422
-1.21244
-3.30316
-3.30996
-3.29681
-3.29646
-3.30767
-3.27298
-3.31173
-2.13288
13.1327
-3.27931
-3.33284
-3.31249
7.94339
3.8013
-3.29957
-2.79132
-0.78656
-2.13803
2.1842
-3.30324
-3.31483
-3.19334
7.57401
-3.27727
0.99543
-3.27785
-3.29382
3.17271
-0.495216
-3.31859
-3.32455
-3.32102
-1.30546
-3.33686
-3.31088
6.3808
-1.83577
-3.33224
-3.30003
-3.28725
-3.30148
-3.33522
-2.73673
-1.86042
-1.75831
9.32536
-3.21719
-3.3054
-3.30971
5.96002
-3.33568
6.86207
-3.14397
-3.306
-3.31836
-0.782658
-3.2901
4.983
-3.31346
-3.27565
-3.29141
6.50075
-1.69176
-0.048958
3.38578
4.28802
8.58085
-3.31218
0.0696543
-3.31356
6.47309
3.42112
2.70988
-3.30665
-3.29653
1.47435
-3.29831
11.3837
-1.82859
-3.34224
-3.32574
-0.0903848
-3.33261
1.9147
8.69002
-3.30932
-3.31166
-1.90943
-2.78483
6.43228
-3.31194
-3.32476
16.5929
-3.27878
-3.30471
4.30747
0.820603
-3.323
-3.33204
21.9785
2.43363
-2.74632
-3.32064
-3.29941
-1.10974
0.936361
-1.41033
-0.806661
-3.27935
-3.36802
-0.138701
-2.37941
-3.3308
-3.30122
-3.32072
-2.44261
6.18547
-3.30039
-0.221102
4.43229
2.31845
-2.96396
27.9549
8.21197
-1.8219
0.0479434
-3.30514
-3.32766
0.319295
-3.30715
-3.34429
-3.32466
10.5138
-3.28107
-3.32075
-1.26586
-3.30451
-3.31128
6.89129
-3.28172
1.19188
-1.29174
16.2395
5.20642
7.06174
-3.29509
-3.32527
-3.28174
-3.31928
-3.30581
0.483126
-3.2793
6.87956
-3.30889
-1.7202
-2.41458
9.36107
-3.29575
-1.17381
7.8531
1.39542
-3.30071
-2.77545
7.74351
1.54025
4.13097
-3.31787
-3.32603
-3.30719
-0.290973
-2.64616
-3.28854
-3.31924
-3.27605
12.6786
-3.30435
9.88982
-3.28399
10.1794
0.115605
-2.29331
-3.3151
-3.31629
-3.30811
-0.845859
-3.34338
-3.30904
-3.31235
-3.29025
2.10762
-3.3195
8.95335
-3.30296
-3.31579
7.69318
-3.27848
5.35834
-3.31319
-3.23508
-3.29951
-3.2751
-3.31656
-3.32057
3.85404
-3.32716
-3.30461
-3.33386
-3.26354
-1.76575
-3.30701
-0.601874
-3.33829
1.55812
-2.82989
-3.32484
6.62614
1.74915
-3.28232
2.96254
-3.29503
-3.27754
-0.997474
-3.2985
-3.28741
-3.31122
1.23408
5.80758
-0.747151
-2.31657
-3.3121
-3.32757
4.77644
-3.29255
10.2684
-3.28855
-3.30376
4.60958
1.01251
-3.30606
3.4449
17.8545
0.617769
-3.32248
-3.31852
-3.26946
5.33276
-0.0196349
-3.31747
-3.33156
-3.26217
-3.3121
-3.31912
0.905489
12.7824
8.34211
-3.30668
-3.30457
-3.31383
1.25323
0.264642
14.937
1.1878
9.46787
-0.555121
-3.29653
-3.30904
0.117116
1.58951
-3.30864
1.55953
-1.48142
2.74898
-3.31897
-3.29522
-3.31281
-3.29782
-3.29771
-3.29916
-0.0297521
-3.31247
-3.29891
-3.28821
-3.32778
3.22711
-3.30057
1.92515
8.66177
17.048
-3.24939
-3.29786
3.25978
-3.32934
-3.32121
-3.31073
-3.31043
-3.3045
0.572622
0.585351
-3.29444
4.04612
-3.33777
-3.3096
-3.29361
14.5885
-2.68528
7.74745
-3.31079
-1.31685
-3.33723
-3.3066
4.86142
2.50456
-1.03145
-3.31288
4.13083
-3.33727
-3.3204
-3.29622
-3.30866
-3.32193
-0.672253
-3.30498
-3.29424
8.6447
-1.71652
-3.30843
3.46966
1.0353
11.762
-3.3222
-3.29874
2.10461
-0.341997
2.63166
2.79625
-3.31501
5.6005
6.2927
-3.25245
-0.969528
-3.30832
-3.30282
-3.28553
-3.31758
-3.30675
-2.42612
1.96501
-3.30367
14.1262
-0.220907
-1.63074
-3.31188
-3.00631
2.34505
7.6192
2.19236
-3.29439
-3.34478
-3.31788
-3.30442
-3.28344
-3.30917
0.73153
-3.27948
-3.3111
0.211919
4.22858
6.16246
-2.1695
-3.30899
-3.31555
-3.28744
-3.28073
9.73696
-3.3107
-3.30679
-2.38925
-3.20426
0.845828
3.66811
-3.30372
-3.30621
-3.30487
-3.31474
-3.2987
-3.28862
2.66795
1.8705
-3.30901
-3.30653
-1.27849
3.52216
-3.33691
0.829554
-3.33783
5.43401
-3.31195
-1.95012
5.17583
-3.30076
-3.31464
-3.28787
-3.31203
12.3984
-3.31205
9.5886
9.50375
-3.32972
-1.43474
4.93107
-0.703947
14.115
-3.31284
14.4914
17.4576
-3.30643
-3.2908
3.68638
-3.31335
3.29228
-1.47454
-3.3143
-3.31001
-0.178639
-1.08792
-3.30672
-3.29418
4.6777
-3.3116
-3.33289
4.15981
-3.31657
0.698215
-3.30885
-3.3126
-3.29345
-3.3003
-3.30708
3.78037
-3.32315
-3.29587
3.00053
-1.7624
-3.28925
-3.31291
2.95978
-3.31998
-3.29899
-1.82079
-3.33459
5.04208
-3.34395
10.6462
-1.58924
10.9127
-3.28557
-1.07946
-3.30115
-3.30537
1.82716
-3.3055
17.0324
-3.3055
-3.33596
-1.79144
-2.33706
-3.28302
1.44025
14.6906
-3.31313
-0.261111
-2.55446
4.16055
-3.29713
-3.32701
19.7669
7.74331
-3.30346
0.400672
-0.990361
6.84541
-3.27078
0.249065
-3.29918
-3.31973
-3.29847
-3.31756
6.21635
-3.28139
7.49156
2.13737
-3.32215
-1.82941
-3.28397
-3.32725
-1.03627
6.61257
-3.32749
21.7282
-3.31176
-3.29478
-3.28215
-3.3178
-0.395817
-3.29643
-2.34834
14.8465
-3.3172
5.83527
-3.04972
-2.6443
4.5907
-1.72747
-3.31553
3.87283
0.393293
-1.45534
-2.52055
2.48813
-3.27669
0.0640465
-0.866764
2.55809
-3.30887
4.3331
-3.29461
4.85611
-3.31022
-2.38365
8.55054
-3.31328
7.62477
-3.30058
-3.31314
-3.3113
-1.72959
-3.2763
2.8338
-3.29603
-0.133894
-0.914939
-3.29435
1.08465
13.3821
0.284623
-3.2896
-3.30703
-0.670016
15.4807
0.755504
-0.309525
-0.0990363
-3.32082
2.25796
-3.31857
1.84522
-3.30713
-3.30626
11.0029
-3.28851
-3.28265
-3.30907
5.25597
-3.33494
-1.57406
-3.30192
-3.30483
5.68722
-3.3169
-3.29104
3.85081
-2.71968
-3.33893
-3.31322
-3.31191
-3.29341
8.28852
-1.78549
-3.28322
6.67179
-3.27898
-1.85802
-3.30667
-3.28577
-3.28883
-3.29949
1.57449
0.373702
4.43386
4.43926
-3.30207
1.10042
0.623507
-3.31078
4.05651
-3.28939
-3.2943
0.97795
-3.31184
18.1431
9.35071
-3.2936
5.28241
-3.2801
4.80342
-3.3057
3.61172
-3.29984
-2.29545
-3.30915
12.6594
3.34595
1.60154
8.38408
0.765507
-3.29527
-3.31792
-1.40964
-3.31736
6.85854
-3.28964
-3.29946
-3.09158
2.29386
2.44987
-3.32002
-3.28818
-3.33268
10.3103
6.48805
-0.716515
16.6795
-3.29114
2.49867
-3.27825
-3.33574
-0.895383
-1.88359
-3.30866
-3.30486
-3.30105
-3.30324
2.7486
-3.33111
-2.4223
-3.30491
-3.29783
-3.30895
-3.12399
-3.30576
-0.242617
-3.30987
2.06781
-3.27891
-3.30536
-3.29675
2.52831
-3.30567
-3.31751
5.05897
2.62462
-3.2835
-3.31389
-2.9647
-3.33354
-3.29109
-2.58791
-3.29239
-3.28269
12.5768
-3.30002
-3.31127
5.90728
6.15083
-3.31913
-3.32236
4.66659
-3.32579
0.203853
5.17937
-1.57472
-3.30843
2.06309
-3.32271
1.67431
-1.65951
2.96528
0.59779
8.78063
3.14511
-3.31048
-3.33171
-3.3084
-3.3041
-3.31775
-3.30176
-3.3079
-3.30954
-3.31982
-3.25671
-3.29843
9.16905
-0.366674
-3.30053
-3.28559
7.23149
-3.29997
-3.3103
-3.29692
12.8605
-3.29833
0.984702
-3.31159
-3.29698
-3.31751
-3.29688
2.26006
-3.29924
-3.3072
-3.33628
11.1437
-3.30168
-3.28913
-2.28403
-3.29771
-3.35159
-2.00432
13.0775
-3.32586
-3.32004
-3.302
15.3702
5.82662
-0.240876
1.76924
-3.29802
-3.29385
-3.32424
-1.55411
-3.26401
9.12949
-2.76157
-3.30463
-3.32128
-3.31625
-3.32071
14.1413
-3.30151
7.47851
1.11648
2.78592
12.5914
0.354835
11.1133
5.63792
-3.0663
0.801077
-3.32483
-3.30167
-3.32967
3.05735
-1.25872
-3.32301
-3.30196
7.33915
12.4407
18.6439
-3.28052
13.1655
1.88095
-3.32399
-3.29369
2.13754
-3.31322
-1.48751
4.37021
3.85209
-3.29852
-3.33768
-2.76394
-3.30232
-0.873197
-3.32123
3.32682
-3.32239
-3.30981
-2.80574
-2.08032
-3.29601
0.283992
-3.30647
-3.30628
-3.30012
-0.457564
-0.557088
10.3025
-1.32291
5.47198
-3.31106
-3.30657
-3.29366
-2.73995
5.774
-3.31392
8.44789
-3.30126
-3.32819
10.3925
-3.31047
8.19027
-3.32755
-3.34103
3.16155
-3.28152
2.77965
-2.78428
-3.31983
-3.32061
-3.29825
4.04543
3.88011
10.9899
-3.3118
-3.32173
5.05461
-3.3147
-3.32697
-3.30446
-3.33114
-2.76579
-1.26576
6.11597
3.18372
10.2182
4.05704
10.5808
-0.675768
13.057
6.20717
-3.32491
-2.79048
-3.31802
2.78875
-3.29033
-1.45178
-3.29101
-3.28697
-3.29074
5.05207
17.1025
-3.30212
15.8603
-3.30635
3.08583
-3.34366
-1.44409
4.40391
-3.2872
1.96784
6.40435
-3.32707
6.21842
-3.30105
1.73854
-2.30781
8.31829
-3.28723
1.39517
-3.29561
14.8166
-3.30934
-3.294
-1.14503
-3.31046
0.713737
-3.30126
-0.0479074
-3.30802
-3.32064
-3.34067
-3.30269
-3.31155
-3.3049
10.7618
-3.30171
-3.27463
-1.60556
-0.723513
-3.29106
-3.31003
5.92125
0.947543
-3.07801
-3.33345
-3.32655
-3.3192
-3.30619
2.52548
-3.31613
-2.20111
-3.32477
-3.3291
-3.32732
2.46476
1.54833
9.94458
-3.28784
-3.29255
-3.32095
31.8113
-2.00281
-3.29938
6.66447
6.8877
-0.191786
-3.31908
-3.34975
-3.31677
3.29883
-3.29675
-3.29937
-3.29947
-3.32636
-3.2787
-3.30235
-3.30792
2.99696
-3.28755
-3.30335
8.58312
12.4187
9.04638
-3.29805
4.86561
-2.66846
0.416734
1.36906
-3.31869
9.77882
-3.32236
0.731192
-3.33117
-1.66398
1.60376
-3.27541
-3.3193
17.9515
11.0582
23.1075
2.28704
-3.31434
3.35398
-3.31185
0.707589
-3.30101
-3.20408
-3.32829
-3.31169
-3.30233
16.3737
11.5102
-3.30386
-3.30843
8.75504
-3.29188
-3.2947
6.82545
-3.29898
-1.52833
6.1526
-2.83076
-2.46534
-1.02849
-3.31241
-3.29524
-3.32142
-3.30371
-3.32062
22.3737
10.574
-3.32477
2.74968
11.8243
-3.29448
1.75195
-3.30731
-3.30536
-3.30933
-3.30107
-3.29882
-0.220457
2.13267
7.75743
-3.32098
-2.97131
-3.31353
10.444
4.40996
-3.30762
13.1614
-3.31433
-3.30878
-3.32502
-3.29739
4.15816
-3.31145
1.29289
3.72516
-3.29938
7.52766
1.3
10.7387
-3.11639
-3.35593
2.91268
-3.30706
2.54849
-3.28857
3.11564
10.3653
8.4501
-3.31871
-2.03927
-3.30706
-3.31732
10.167
1.31786
-1.24615
-3.29519
-3.30596
-2.17176
-3.27869
-3.30377
1.34666
-3.32383
-3.0244
-3.30585
-3.31423
-2.73848
-3.28299
-3.31707
-3.30038
-3.28028
-3.28863
-1.04181
-3.27903
-3.29752
2.33545
-3.32113
0.148935
1.60408
-0.749202
-3.31984
3.88468
-3.31227
-3.29144
-3.31462
-3.29034
0.724392
-3.29431
2.14609
-3.29116
2.83169
3.64521
-3.29969
11.5246
-3.04474
-3.30993
-3.31355
-0.809914
-3.29553
18.1347
-3.30572
15.7953
-0.148232
6.14205
-3.31129
-3.31862
0.554375
-1.98658
-3.30332
-3.30236
-3.31163
-1.0374
-3.33485
-0.189871
19.5548
8.87419
-3.28859
-3.30748
10.824
1.75014
5.28612
5.53342
-3.31109
-3.30669
1.87549
-1.10054
2.54622
-3.35277
6.34576
-3.29027
0.70925
-3.32609
1.33484
-3.30221
-3.33408
-2.80402
-2.05574
-3.34163
-3.32484
-3.32421
4.99155
-3.33933
-3.28869
7.56997
2.32968
-3.3144
-3.309
1.41901
-3.31701
-3.30332
-3.31578
-3.28383
-3.22035
-1.19073
-3.31123
-3.32384
-3.28045
-3.30273
-3.28071
-3.32861
-3.29322
-3.28236
-3.29924
-3.29972
-0.836469
-3.30068
-3.29903
-3.29457
-2.56319
-3.3048
3.42523
5.21112
-3.32777
-3.32857
1.43803
-3.30629
0.828282
-3.29904
0.574922
12.0183
-3.30188
-2.63837
-0.733241
5.00118
-2.03695
-3.30604
-3.30881
-3.28631
-1.07942
-2.55795
-3.30156
-3.29527
-2.31025
7.36418
-3.29066
-3.26839
-0.962618
-2.00743
12.1268
-3.28526
-3.28537
-3.32087
-2.82572
-3.29418
0.182727
-3.32078
0.965329
-3.30527
-1.48854
-3.31426
2.21516
-0.563239
1.23982
0.43351
-3.29192
4.60563
11.33
-3.29471
17.2578
-3.30449
-3.30877
-3.32852
-3.31935
-3.33498
-3.30253
-3.2802
-3.30138
-3.29562
-3.32216
-1.34573
-2.81064
8.63323
7.96851
-3.31171
-3.30354
-3.28495
-3.3179
3.70989
-3.29156
-2.42069
1.20204
-3.29546
-3.29993
-3.30436
-3.30589
-1.76323
7.75606
0.637256
-0.0438339
-3.30938
17.1383
-0.104655
-3.29815
-0.303155
-3.30169
-3.30409
-3.26933
-2.3777
-3.30063
2.04762
-3.31347
-3.27827
-3.29783
4.03461
-3.29436
-3.29556
-3.26581
2.39018
-1.88912
1.76767
0.855294
7.37745
-3.32963
-3.30956
-3.32192
-3.29329
-3.29432
-0.725454
16.617
-3.30867
4.33891
-2.48229
-3.32302
2.96665
3.2868
-3.32347
-3.32402
-1.788
-3.31654
1.20637
0.92986
2.17035
-3.30101
5.24155
-1.26627
0.934558
-3.28747
3.61628
-3.30405
-0.645124
6.8694
2.97199
-0.296745
-1.81604
-3.32521
1.52211
-3.29433
-3.30241
3.21308
6.23296
-3.04612
-3.31104
10.9043
2.39138
-0.682877
-3.30818
-2.50647
7.5345
3.95517
-2.63637
-3.30152
-3.34559
1.88499
-2.06483
-3.29314
-3.31727
-3.30932
6.91386
-0.95131
-2.95931
0.0336171
-3.31769
12.089
-3.3012
27.7495
-3.27894
-3.34116
-0.145273
9.61984
-0.23027
3.21348
-3.33579
-1.76411
-1.02624
15.977
0.323928
5.00132
3.61494
-3.30962
6.28302
-2.69709
-3.33097
-3.28502
4.33966
-3.32493
10.5928
-3.31195
-3.30445
1.38477
-3.28921
-3.30616
-3.3293
2.2177
-3.30262
-3.20914
-3.30564
1.17813
-3.31065
-1.45716
-3.30801
-3.33182
-1.63544
2.12969
-3.29292
4.80629
-3.3075
-3.28358
0.100756
-0.0590457
-3.31598
-3.33241
-3.30162
-3.29817
13.4168
-3.28348
6.76406
2.61823
0.716545
-3.29734
-2.6531
19.0075
1.02354
0.708547
-3.3067
-2.1863
-3.31269
-3.31842
0.987012
-3.27839
-3.27224
-2.11306
-3.32368
-3.30512
-2.43656
-3.2933
-3.29628
5.96264
-3.31609
-3.29416
-3.28044
-3.3225
8.49329
-3.29571
2.66784
-3.3061
2.19472
0.446614
-1.03794
4.82688
-2.92774
-1.02579
3.99372
-3.32043
-3.3177
-3.28757
0.154135
-3.31097
-3.29868
12.9496
-3.2981
-3.14349
-3.32372
-3.32528
-3.28858
-3.29108
-3.33538
9.14641
-3.30188
-3.29852
-3.30394
-3.31516
-3.33327
2.1793
1.09846
-3.29831
-3.31839
-3.2986
19.8496
-3.30442
-2.65024
18.5921
-3.30873
-3.32575
-3.29761
-3.29513
-3.33655
-3.21095
5.31311
-3.30143
2.38171
-3.30954
0.880964
3.03811
2.62784
-3.30332
-3.31145
-3.31326
-3.30372
-3.29635
-3.28272
-1.37604
5.59243
-3.31906
10.8993
-1.34945
-3.31538
-3.28982
-3.32668
-3.29259
7.58631
2.40518
-3.33086
-3.32017
11.1317
6.25335
-3.29167
-0.668102
-3.3374
-1.27012
6.35362
-3.33353
-3.2924
-3.3036
-3.23333
0.403965
-2.6531
0.693209
11.4086
-2.33782
0.288103
15.6971
-1.57285
1.98271
8.51528
-3.29386
0.791507
1.47809
-3.32116
1.3543
5.89888
-1.52229
1.43254
5.61077
-3.30251
2.30092
25.4999
-3.29255
-3.2757
-3.05888
-3.29435
-3.30571
-3.31277
-3.3228
-3.28818
-0.746167
-2.24667
-3.31628
11.8323
11.8214
-3.30997
4.37333
12.1716
-3.32685
-3.29246
-3.31159
9.41807
-3.29342
-1.68549
-3.31308
7.40371
19.8573
-3.26442
4.23457
-3.32308
-3.31497
8.7932
-3.14601
-3.29068
-3.29945
3.49386
0.308121
-3.32077
6.47834
-3.31813
2.01475
-3.28885
-3.30699
-3.33567
10.7094
-3.29738
-0.923264
0.0334037
14.565
7.33094
-3.30557
-3.31629
-3.27611
4.26715
-3.28842
8.07785
-3.31737
6.61714
-0.670314
-3.29829
-3.29223
0.115962
-3.32083
-2.05338
8.43748
-2.70097
-0.994426
13.7359
-3.31656
-2.81634
-3.30414
-3.2652
-3.29481
-3.29953
-0.451569
-3.30301
-1.14322
-1.20619
-3.29078
-3.30745
-2.60989
-3.32862
-3.30664
10.819
-3.29896
-3.28954
-0.745057
-3.30073
-3.3178
11.3937
-3.32301
-3.30708
-3.28266
4.56319
-3.29279
-3.29893
-1.46199
-3.30141
4.41308
-3.28928
-3.3115
-3.27978
-3.32431
-1.86203
8.01266
2.02863
-3.31067
-3.31796
4.80209
1.11342
-1.77144
-3.30567
-3.30988
-3.30743
4.97591
7.41311
-0.212237
-3.30585
-3.27406
-3.31693
-3.33992
3.27099
-3.30232
-3.32399
-0.109
-3.30566
3.12352
4.85097
-3.31674
8.94931
-3.29421
8.22468
-3.28128
-3.31164
15.1967
-3.29156
-3.31894
3.57263
4.18661
5.9138
-0.188122
9.45947
6.40438
-3.29234
-3.31082
-2.92837
-3.31136
-3.31898
-3.26076
-3.32552
-3.2648
-0.394402
-3.3059
-3.34361
-3.29978
-2.19088
0.895514
-2.90882
-3.29418
0.354727
-3.29523
-3.22047
-0.115691
-3.29651
0.526434
-3.3046
4.90203
-3.34029
-3.28995
6.74806
-3.29105
-3.30485
6.42513
-3.29604
-3.2949
-0.20155
-3.32661
-3.30684
5.88709
-3.28521
-3.30283
1.76231
-3.29894
3.78342
11.7619
-3.32418
-3.29614
18.5784
9.07053
0.913459
-3.29343
7.21265
-3.3073
-2.0447
-3.31757
11.5491
5.68258
-3.32786
5.26234
6.03363
12.4876
7.03009
-3.30191
-3.31961
-3.30323
6.88698
-3.31147
-3.32274
-1.72167
0.877719
-3.30176
6.65992
-3.29489
-1.84613
-2.16082
0.973173
-3.29633
3.58197
-1.60253
-3.29544
-3.33429
-3.29634
-3.33728
-3.31448
0.244363
-3.29654
20.8835
-3.29503
5.28566
-3.30669
1.79016
2.84987
1.61216
2.62954
-3.33477
-3.31228
-3.30436
-3.32069
7.41882
-3.353
9.19887
-0.310532
-3.31877
-3.29818
-3.30705
-0.866669
0.949606
4.79701
-1.84681
-3.30315
5.98358
15.3943
0.460781
-3.28821
-3.30054
-0.900597
7.59633
5.8286
-3.31099
-3.29824
-3.29929
-3.29754
-3.28624
-3.30989
-3.29813
-3.3138
-0.370017
-2.03547
-3.31019
-3.28309
-2.16048
-2.12407
12.3225
1.0416
-3.28888
-3.33472
-3.3215
1.18188
-3.30536
17.7976
9.60372
1.08218
-3.30381
-3.2912
3.04156
-3.31221
0.798546
-0.358035
-3.32237
-3.27241
4.45474
-3.32485
2.70754
-3.30878
14.8907
0.612592
1.76398
4.40088
-3.33071
-3.31694
-3.29833
7.90948
8.09555
-0.211295
15.1032
-1.92241
4.65735
-3.30164
11.1743
-2.35266
-3.28279
2.21568
-3.31318
2.26453
11.6937
-3.3186
-3.2718
-3.31239
1.19185
-3.30082
1.27744
-3.30853
-3.28856
-1.56819
2.0499
-3.32969
-3.26641
-3.27994
-3.32115
-1.93421
-3.32801
5.30186
8.91998
4.66681
-3.32383
1.97801
4.09848
7.68432
6.97497
-3.264
-1.52969
20.6934
-1.29024
-3.32054
-3.31489
1.50854
-3.31631
-3.32221
-3.32438
5.13001
4.34969
-3.30592
-0.0150807
-3.30384
-1.49877
1.50187
-3.34119
7.21765
-3.32424
-3.29372
-3.29711
-3.28924
4.08392
0.18783
0.229074
-3.33671
6.17244
0.0331485
-3.32364
9.53508
-3.33404
-2.53552
-2.87247
3.49947
-3.32721
-0.0174413
-1.77127
16.9256
-3.34288
-3.32423
1.28161
-3.32852
17.5083
4.77262
-3.29868
8.53199
-3.34137
-3.30283
-3.31676
-1.92083
2.75224
12.5175
-3.31364
-3.28337
-3.29319
2.74947
-3.34439
3.97018
6.8205
-3.2826
3.83974
-3.30752
-3.29088
14.1624
10.7344
-1.31124
-3.3453
-3.29245
2.89977
6.1579
-3.28628
-3.2828
-1.25766
0.104785
4.25304
-3.31851
-1.75953
11.9593
10.5011
2.24177
-3.2974
0.985493
11.3343
-3.30906
14.1048
3.46647
-3.30966
-0.158036
-0.0943834
7.77131
11.7061
-3.32567
-0.0995422
-3.31858
5.70924
-2.7391
-3.31343
-3.31841
-3.3201
-3.27794
-2.11666
7.92541
-3.32418
-3.31547
-3.30496
1.55794
-3.32006
8.24306
2.29922
-3.31131
-2.87914
-3.31603
-2.36699
-3.30638
-3.30699
-3.32702
-3.30387
2.83274
1.95417
-3.30581
-3.3072
7.28541
1.13583
-3.30141
-1.59856
-2.9769
5.48244
-3.32318
-3.31935
-3.31007
-3.31814
-2.54172
-3.28683
-3.30402
-3.28012
-0.572183
-3.32766
-3.30746
8.60961
-3.34516
4.81248
22.5644
-1.70133
-3.29905
-3.27825
-3.29924
-3.34292
4.57549
-3.30493
1.40631
2.9146
-3.32045
-3.3118
-3.31254
-2.61465
-1.09784
14.9405
-3.27291
-3.30514
-3.32842
-2.92587
-1.19236
-1.40564
-3.29695
-3.3256
-3.31851
-3.10449
3.09744
0.169087
9.7589
1.99028
-3.28731
-3.30521
-3.30168
-3.33047
1.74259
7.15628
-3.28926
-3.06217
-3.34662
-2.8371
0.49523
-1.82619
-1.83327
-3.28576
-3.3063
6.57623
-3.29022
17.323
6.2427
-3.31454
1.08051
-0.979138
-1.12517
-3.2926
-3.29203
-0.874653
1.60782
1.56104
1.16848
-3.33172
-3.30254
-0.709794
11.8572
7.05282
-3.34256
18.0974
4.33729
-3.31784
5.71715
-0.229726
0.0031799
-3.30534
-2.71261
-3.30975
-3.31607
0.907264
1.08865
-3.31374
-3.28585
-3.29909
-3.31098
9.33077
3.67429
-3.30756
-3.28589
-2.32841
-2.62367
-3.30282
-0.0684638
-3.30189
11.1487
5.34987
-3.30795
-1.45172
-1.86471
-3.30662
16.3795
15.591
-3.2851
-3.29323
7.20833
-1.99824
1.07125
-3.32086
-3.30335
-3.29504
2.17936
8.83679
8.04188
3.09502
0.114431
-3.29829
6.41786
-3.31786
12.4362
2.7306
-3.31537
13.9223
-3.31908
-3.31871
-3.29367
7.5815
-0.870468
-3.31516
-3.31357
20.7165
13.2621
-2.75448
-3.30916
-3.32092
-0.595391
3.55557
-3.31504
-3.3161
-0.504456
-2.88563
3.55718
-3.29622
-3.2973
-3.31004
3.54979
2.18187
-3.31914
-2.65833
1.5129
13.8757
2.36431
2.90106
-3.29973
-3.31725
-3.3044
-1.21901
-3.30227
1.85562
-3.03141
-3.32141
-3.30594
-3.28655
14.4607
-0.555223
17.8678
9.08829
2.96095
-3.30443
1.89589
-3.32403
-3.33965
3.00546
6.68715
2.265
5.75635
-3.32598
-0.0484375
-3.32766
4.8822
-3.30707
3.67925
-3.34794
-2.2182
-2.80104
8.04773
-3.32963
5.67449
-3.28144
-3.31235
-3.32577
-2.59211
-3.29543
0.920766
6.39737
7.21659
4.97285
1.56795
0.513615
-3.2895
-3.32319
-3.31456
3.55144
5.78255
-0.921747
6.87301
-3.22148
3.89277
-3.32054
-2.95297
7.9208
12.8562
-3.31247
0.592179
-0.227305
9.44484
-3.30903
-0.887952
-3.3319
-3.31403
-3.30388
9.08327
2.18885
-3.3004
-1.26529
8.15114
3.4014
-3.31713
-3.33286
-3.29206
-3.32253
-3.29623
2.29252
9.10787
-3.31133
-3.29362
-0.244289
10.8768
-3.2838
2.785
0.161467
-3.31213
-3.29292
-3.28427
0.952836
0.944041
-3.3033
6.63052
12.1692
10.333
-3.31816
9.70931
-3.30449
-3.31234
-2.48603
-3.31761
-2.49298
-3.30688
-1.31461
-0.720487
0.105769
11.436
-3.2705
0.517122
4.4906
5.14794
-3.32732
23.6431
-3.31458
21.8726
-3.31415
-3.34741
-3.31309
-3.30358
-3.30353
-3.29388
-1.12132
0.736511
3.68017
-3.29391
-3.31161
-3.29652
-3.31402
-3.32506
-3.30084
-3.29254
5.32721
17.3145
3.73166
-3.28809
9.18081
-3.00661
-2.57487
-3.26906
-0.39865
-0.612019
2.89915
-2.60525
-3.3036
13.1551
7.39922
6.45982
-3.32209
9.12504
-3.30051
-3.33512
-3.32991
-3.29532
-3.32293
-3.30224
0.835333
-3.31935
-3.29
10.2873
-2.81469
-1.82672
-3.29467
-3.31065
-3.32727
-3.30928
4.94127
-3.31807
-0.891752
-1.92592
-1.8259
-3.29261
-0.322615
-1.61
-3.30482
-3.29101
0.215078
-2.63999
1.61079
-3.32263
1.38065
-1.16099
0.144233
-1.87735
-3.30174
7.3543
-3.31285
-3.30511
-3.30044
1.20829
-2.92183
-3.15411
-3.32284
-3.31658
-0.366587
-3.33909
-3.31704
-3.33733
-3.30319
-3.27975
-3.28795
8.30249
-3.30213
-3.28639
-3.30711
-3.29538
11.9335
-3.32798
-3.33166
1.04539
-3.18078
2.82375
3.36772
-3.30325
-3.31053
6.84272
-3.28773
-3.29371
1.28848
2.51898
-1.48525
-3.32643
5.73569
-3.30686
13.8619
-3.33292
3.21321
-3.31695
-3.31032
-1.45834
2.74359
-3.29835
2.19207
20.683
-0.215451
-3.30735
-3.2802
17.641
-3.28624
-3.27645
1.25402
-3.29268
-3.32045
-3.2958
-3.32522
5.82685
-3.32181
26.7648
2.98294
-1.03999
-3.30466
1.96998
4.9352
-3.30735
-1.70846
-3.30969
-3.30113
-3.30385
5.48493
9.75407
-3.30031
-2.10561
-3.27615
-3.29142
13.2922
-3.28674
-3.31189
-3.31353
-2.27415
0.0020789
6.01899
-3.29751
-3.30455
5.79314
-3.29752
-3.29023
-2.29614
-0.297407
-3.30815
-3.27513
-3.28092
-3.30729
-3.31928
-3.32481
-3.32454
-3.29054
1.24542
6.84748
-3.3264
4.41564
4.25205
-3.33912
-0.476193
-3.32145
10.8474
-3.17282
-3.30675
-2.40725
-3.32107
0.500609
1.50147
-3.3055
-3.28857
-3.3059
7.865
8.13003
-3.29125
-3.32718
-0.661204
-3.31107
4.99164
-3.33744
3.26362
-3.305
-3.31351
-3.29824
1.85282
-2.53126
6.21872
-3.31079
-3.30175
-3.31569
-0.355193
-3.32344
3.48314
-3.32221
-3.34001
-3.28484
16.4195
-3.30206
-3.30812
5.25584
-3.2933
-3.32316
-3.2815
4.61832
-3.31788
1.86836
-2.05981
-3.31888
-3.33077
22.5916
-3.31327
9.49473
-3.30285
-3.28134
-3.31025
-3.31078
-3.30343
-3.25029
-3.20596
6.06756
-3.33767
-3.2942
-3.29891
-3.32543
-3.31161
-3.30887
4.63925
-3.31546
5.10033
2.3518
3.53083
7.0843
-3.2918
-3.32024
2.90826
0.231997
-3.30108
-3.33025
-3.30819
-3.28828
-3.2964
-3.3262
-3.29776
1.44679
-3.30232
-3.30053
-3.31188
-3.32866
-3.30216
-2.59648
-3.31314
6.60313
5.25839
5.35893
-3.31751
-1.1641
-3.30756
-3.30305
-3.30059
-0.816874
5.04025
-3.3166
0.249143
-2.74994
8.42536
-3.29241
-3.30454
2.08371
-3.31348
-3.13509
-3.1816
16.7901
-3.3218
-3.30941
-2.71497
-3.31797
-1.24366
1.02521
3.65227
-3.3151
11.8616
0.96905
-0.521811
8.28213
-3.30295
12.759
-3.26795
6.19902
-1.90361
-3.32122
-0.120345
20.0315
-0.129994
7.31075
1.15963
12.9706
-3.30395
-3.30707
-3.28578
-3.33662
6.93983
5.19204
9.30173
1.12927
-3.31326
13.2088
9.2058
3.70153
-3.32205
2.94141
-1.41607
1.13118
-3.31035
-1.98758
-1.19629
-0.855384
10.8873
8.23023
-3.2992
-3.30755
-3.2994
-2.84332
8.99973
-0.144686
-3.32421
28.3775
-2.73358
-3.3153
-1.33679
-3.28296
-3.3223
-2.17496
-3.30012
-3.29631
-3.31671
8.90167
-3.28517
-3.31923
-2.35833
14.5161
-3.32093
8.11038
-3.33748
-3.29538
-3.31224
6.82105
-3.2929
-3.29524
-3.31609
-3.32536
-3.2968
-3.33331
-3.31414
-3.2964
-3.30134
-3.30147
-3.2989
-0.507414
1.16305
5.94552
-3.31584
5.96675
-3.28961
-3.31575
-0.786592
-3.2957
-3.30207
5.74642
21.6387
5.02137
7.61205
0.302142
5.2997
10.512
10.7802
-1.09329
4.11736
13.0505
2.45821
1.28907
0.549618
-2.55646
0.329453
-3.29762
22.8609
18.7092
-3.34277
-3.30833
13.5089
18.6059
-1.37805
-3.07709
-1.91701
-3.28771
-3.31866
-3.31778
-3.30431
-3.32603
-3.3283
1.97298
6.34291
-3.30873
-3.31242
-0.740438
-3.32238
-3.33087
-3.32065
4.35595
7.15924
-2.65542
-3.29153
-3.2857
9.07355
-2.82106
-3.29663
-3.31929
2.20653
-3.04477
-3.31391
-3.33444
-3.27091
-3.27286
3.62329
-3.28008
-0.657128
-0.148989
-3.28606
-3.30216
-3.28418
0.439225
-0.903194
2.27832
10.7212
-1.54141
-3.34633
-3.2979
-3.29223
-3.29725
-3.30245
-3.28649
-2.00902
-3.32034
-3.32451
-3.3092
-3.34743
-3.29609
-3.32042
2.27309
10.7032
10.5606
-3.30952
-3.33647
-3.309
-3.31567
8.16124
2.199
0.651333
-1.09398
-3.33323
-2.30217
-1.20416
-3.31375
-1.43209
6.93024
-3.31091
13.8256
-3.28033
7.13615
-3.31712
5.1209
-3.31739
-3.30354
-2.96069
-0.605786
1.0975
-3.3256
6.45188
-3.30533
-3.30247
-3.31862
-3.33205
11.334
-3.33945
-3.31375
-3.32595
0.338544
-3.28826
-3.31994
-3.32012
7.64815
-3.29413
-3.02315
-3.26548
4.08994
1.5717
7.53591
0.369021
-3.29803
-3.29064
0.214337
2.92267
-3.30912
-3.28476
11.1083
-3.31899
3.8963
-3.29381
-3.30514
-0.129902
-3.29377
-3.31871
3.63059
-0.564109
-3.32777
-3.3181
-3.1692
15.8281
12.8179
-3.30561
-2.534
-2.89324
0.657797
-3.12803
-3.30225
-3.2993
-3.30752
5.87721
4.63365
2.86135
1.99
13.6066
-0.906149
-3.30758
-3.33074
-1.91166
-3.33305
4.18426
-3.24354
9.57284
-0.851915
13.4208
-3.07181
11.8875
-3.34363
0.423959
-1.56278
1.3789
-3.3025
-3.31018
-3.31056
-3.28705
1.86404
-3.27673
-3.30464
-3.30023
-1.52006
0.547257
-3.31161
0.220615
-3.31629
-3.32888
-3.34107
-3.33761
1.60549
3.10002
-0.767158
-2.60957
-3.31748
-3.29453
-3.09286
16.5215
10.3151
-3.32768
-3.2997
-3.29912
-3.31373
9.92955
-3.32186
-3.30804
-3.32173
-3.29449
-3.31428
-1.72575
-3.28673
-0.634748
8.34442
-3.32703
-3.29956
5.47518
-3.29187
-3.28107
-0.269898
-3.102
-3.27671
-1.84689
-3.31976
-3.32765
-3.23317
-3.2677
-3.28534
11.0147
-3.29777
-0.095773
-3.29914
4.14301
-3.32844
0.341574
-3.27685
1.71427
-3.30325
-3.31481
-3.31139
-3.29712
2.29044
2.87003
-3.28843
14.6228
-0.485206
-3.28738
-3.31633
5.98486
-3.30301
-2.12952
-0.990809
-3.30622
-3.31274
5.18806
3.3904
0.397584
-3.31082
13.4088
-3.29083
-1.14357
-3.3092
-3.26749
-3.32136
2.46519
-3.28693
1.45829
-3.30697
-3.30799
-3.28765
-3.34458
-3.30338
-3.27437
-3.3262
-3.30719
7.57498
7.16834
-2.40991
-3.31856
-3.32434
-3.29081
-3.29103
2.40475
-3.33175
-3.32909
-3.3048
-3.33543
-3.2716
-0.576996
17.3855
-3.29108
-3.29813
7.71656
1.70562
-3.31124
7.02122
-3.30533
8.23841
-3.29059
0.69238
-3.30792
2.73522
-2.33265
-3.2902
2.54989
-0.153671
1.70427
-3.31647
-3.31003
-1.06319
-3.29624
6.37391
-3.303
2.84044
-3.29802
-3.29009
7.60284
-3.30198
-3.33448
-3.30399
7.51995
-2.07419
0.138303
-3.30626
-3.33927
-3.29995
-3.29638
-3.31973
-3.32079
-3.29565
5.58257
5.86653
11.4252
9.14627
3.43892
-2.50552
-1.77276
-1.92132
-3.29627
-3.32176
0.496341
4.61681
-1.0431
-3.3088
-3.30059
17.4478
-3.29535
-3.332
-3.31806
-3.32486
7.76159
-3.2941
-3.29703
6.61803
5.43459
1.13799
-1.70168
10.1415
2.94033
-2.78679
-3.32974
-3.29467
-3.32885
-0.798103
2.63006
-3.30432
-3.3213
-3.2995
-3.33697
-3.31616
9.69555
-3.31282
1.07099
11.5549
-3.31098
0.432491
-3.30374
-0.357852
12.1104
22.957
-2.93415
-3.24735
-3.28237
-3.28014
-3.31086
1.43812
-3.29997
-2.94576
-3.30821
-3.3073
7.55939
-0.900842
-3.30144
-0.979236
7.6391
-3.30298
-1.55967
-3.31265
-3.27902
-3.30437
-2.28317
-2.28383
2.75307
-3.31947
-3.31618
-2.02349
-3.2934
-2.43028
-3.30625
-3.30709
-3.30024
7.57641
-3.30664
5.71328
-3.33238
3.39713
5.28842
-2.74891
-3.31508
-3.31256
0.293133
-3.28912
-3.30158
10.1163
15.2941
-2.37155
-3.30807
-1.97204
-3.29265
-3.33303
-2.6737
-0.437341
0.111804
1.52257
4.45009
-3.11811
-2.15778
-3.27603
13.2064
-2.56862
-3.31016
13.3656
-0.974821
3.89374
-3.3416
-3.30293
9.05043
-2.7446
-3.30413
1.86127
-3.30124
-3.3083
-2.28346
-3.28412
-3.29129
-3.30166
4.02639
-3.29255
-3.28537
-3.23798
-3.32839
-3.2957
-3.31382
-3.29565
-3.33207
-3.2758
7.21883
-3.28969
-2.18969
-3.29293
0.317571
-3.30581
-3.33816
-3.2915
-3.29925
-3.30963
-3.30899
-3.28588
-3.30766
-3.33291
-3.30765
7.44021
19.8634
-3.32998
-3.32668
-3.29811
-3.31522
-3.34399
-3.29017
-3.31098
-3.31959
-3.29347
-1.80452
-3.33375
-1.10583
E(error)= 0.101924
var(error)= 27.0862
